0.08 2.18E-01 1.00E+00 2.85E-02 1.00E+00
0.14 3.31E-01 9.87E-01 6.10E-02 1.00E+00
0.18 3.27E-01 9.74E-01 7.52E-02 9.95E-01
0.22 2.56E-01 9.60E-01 6.79E-02 9.91E-01
0.26 2.87E-01 9.47E-01 8.39E-02 9.91E-01
0.3 2.65E-01 9.40E-01 8.49E-02 9.86E-01
0.33 2.51E-01 9.27E-01 8.67E-02 9.82E-01
0.37 2.32E-01 9.21E-01 8.62E-02 9.82E-01
0.4 2.29E-01 9.14E-01 9.04E-02 9.77E-01
0.43 2.19E-01 9.07E-01 9.17E-02 9.72E-01
0.46 2.11E-01 9.01E-01 9.27E-02 9.72E-01
0.49 1.99E-01 8.94E-01 9.17E-02 9.68E-01
0.52 1.83E-01 8.87E-01 8.81E-02 9.68E-01
0.55 1.70E-01 8.81E-01 8.35E-02 9.63E-01
0.58 1.56E-01 8.81E-01 7.89E-02 9.63E-01
0.61 1.46E-01 8.74E-01 7.52E-02 9.59E-01
0.63 1.39E-01 8.74E-01 7.39E-02 9.59E-01
0.66 1.37E-01 8.68E-01 7.43E-02 9.54E-01
0.68 1.38E-01 8.61E-01 7.66E-02 9.54E-01
0.71 1.40E-01 8.61E-01 7.94E-02 9.50E-01
0.74 1.42E-01 8.54E-01 8.26E-02 9.50E-01
0.76 1.43E-01 8.54E-01 8.44E-02 9.50E-01
0.79 1.42E-01 8.48E-01 8.53E-02 9.45E-01
0.81 1.38E-01 8.48E-01 8.49E-02 9.45E-01
0.83 1.33E-01 8.41E-01 8.35E-02 9.40E-01
0.86 1.28E-01 8.41E-01 8.12E-02 9.40E-01
0.88 1.22E-01 8.34E-01 7.89E-02 9.36E-01
0.9 1.15E-01 8.34E-01 7.61E-02 9.36E-01
0.93 1.09E-01 8.34E-01 7.34E-02 9.36E-01
0.95 1.03E-01 8.28E-01 7.02E-02 9.31E-01
0.97 9.80E-02 8.28E-01 6.79E-02 9.31E-01
1 9.34E-02 8.28E-01 6.51E-02 9.31E-01
1.02 8.94E-02 8.21E-01 6.33E-02 9.27E-01
1.04 8.74E-02 8.21E-01 6.28E-02 9.27E-01
1.06 8.68E-02 8.21E-01 6.28E-02 9.27E-01
1.08 8.81E-02 8.15E-01 6.47E-02 9.22E-01
1.11 9.07E-02 8.15E-01 6.70E-02 9.22E-01
1.13 9.34E-02 8.15E-01 6.97E-02 9.22E-01
1.15 9.54E-02 8.15E-01 7.20E-02 9.17E-01
1.17 9.60E-02 8.08E-01 7.29E-02 9.17E-01
1.19 9.40E-02 8.08E-01 7.25E-02 9.17E-01
1.21 9.01E-02 8.08E-01 7.02E-02 9.13E-01
1.23 8.54E-02 8.01E-01 6.65E-02 9.13E-01
1.25 8.01E-02 8.01E-01 6.28E-02 9.13E-01
1.27 7.68E-02 8.01E-01 6.06E-02 9.13E-01
1.29 7.62E-02 8.01E-01 6.06E-02 9.08E-01
1.31 7.88E-02 7.95E-01 6.28E-02 9.08E-01
1.33 8.34E-02 7.95E-01 6.70E-02 9.08E-01
1.35 8.94E-02 7.95E-01 7.20E-02 9.04E-01
1.37 9.47E-02 7.95E-01 7.66E-02 9.04E-01
1.39 9.74E-02 7.88E-01 7.94E-02 9.04E-01
1.41 9.74E-02 7.88E-01 7.98E-02 8.99E-01
1.43 9.47E-02 7.88E-01 7.80E-02 8.99E-01
1.45 9.01E-02 7.81E-01 7.48E-02 8.99E-01
1.47 8.48E-02 7.81E-01 7.06E-02 8.94E-01
1.49 8.01E-02 7.81E-01 6.74E-02 8.94E-01
1.51 7.68E-02 7.81E-01 6.47E-02 8.94E-01
1.53 7.48E-02 7.81E-01 6.33E-02 8.94E-01
1.55 7.42E-02 7.75E-01 6.33E-02 8.90E-01
1.56 7.42E-02 7.75E-01 6.38E-02 8.90E-01
1.58 7.48E-02 7.75E-01 6.47E-02 8.90E-01
1.6 7.62E-02 7.75E-01 6.56E-02 8.90E-01
1.62 7.68E-02 7.68E-01 6.70E-02 8.85E-01
1.64 7.81E-02 7.68E-01 6.83E-02 8.85E-01
1.66 7.95E-02 7.68E-01 6.93E-02 8.85E-01
1.67 8.01E-02 7.68E-01 7.06E-02 8.81E-01
1.69 8.15E-02 7.68E-01 7.20E-02 8.81E-01
1.71 8.21E-02 7.62E-01 7.29E-02 8.81E-01
1.73 8.34E-02 7.62E-01 7.43E-02 8.81E-01
1.75 8.41E-02 7.62E-01 7.57E-02 8.76E-01
1.76 8.48E-02 7.62E-01 7.66E-02 8.76E-01
1.78 8.61E-02 7.55E-01 7.75E-02 8.76E-01
1.8 8.68E-02 7.55E-01 7.89E-02 8.72E-01
1.82 8.74E-02 7.55E-01 7.98E-02 8.72E-01
1.84 8.81E-02 7.55E-01 8.07E-02 8.72E-01
1.85 8.81E-02 7.55E-01 8.17E-02 8.67E-01
1.87 8.87E-02 7.48E-01 8.21E-02 8.67E-01
1.89 8.94E-02 7.48E-01 8.30E-02 8.67E-01
1.91 8.94E-02 7.48E-01 8.35E-02 8.67E-01
1.92 8.94E-02 7.48E-01 8.39E-02 8.62E-01
1.94 8.94E-02 7.42E-01 8.39E-02 8.62E-01
1.96 8.94E-02 7.42E-01 8.44E-02 8.62E-01
1.97 8.87E-02 7.42E-01 8.44E-02 8.58E-01
1.99 8.81E-02 7.42E-01 8.39E-02 8.58E-01
2.01 8.74E-02 7.35E-01 8.39E-02 8.58E-01
2.03 8.68E-02 7.35E-01 8.30E-02 8.53E-01
2.04 8.61E-02 7.35E-01 8.26E-02 8.53E-01
2.06 8.48E-02 7.35E-01 8.17E-02 8.53E-01
2.08 8.34E-02 7.35E-01 8.07E-02 8.49E-01
2.09 8.21E-02 7.28E-01 7.94E-02 8.49E-01
2.11 8.08E-02 7.28E-01 7.80E-02 8.49E-01
2.13 7.95E-02 7.28E-01 7.71E-02 8.49E-01
2.14 7.75E-02 7.28E-01 7.57E-02 8.44E-01
2.16 7.62E-02 7.28E-01 7.43E-02 8.44E-01
2.18 7.48E-02 7.22E-01 7.29E-02 8.44E-01
2.19 7.28E-02 7.22E-01 7.16E-02 8.44E-01
2.21 7.15E-02 7.22E-01 7.02E-02 8.39E-01
2.22 7.02E-02 7.22E-01 6.88E-02 8.39E-01
2.24 6.89E-02 7.22E-01 6.79E-02 8.39E-01
2.26 6.75E-02 7.22E-01 6.70E-02 8.39E-01
2.27 6.69E-02 7.15E-01 6.61E-02 8.35E-01
2.29 6.60E-02 7.15E-01 6.56E-02 8.35E-01
2.31 6.54E-02 7.15E-01 6.51E-02 8.35E-01
2.32 6.51E-02 7.15E-01 6.47E-02 8.35E-01
2.34 6.50E-02 7.15E-01 6.47E-02 8.30E-01
2.35 6.52E-02 7.15E-01 6.51E-02 8.30E-01
2.37 6.56E-02 7.09E-01 6.56E-02 8.30E-01
2.38 6.62E-02 7.09E-01 6.65E-02 8.30E-01
2.4 6.69E-02 7.09E-01 6.74E-02 8.26E-01
2.42 6.82E-02 7.09E-01 6.88E-02 8.26E-01
2.43 6.95E-02 7.09E-01 7.02E-02 8.26E-01
2.45 7.15E-02 7.09E-01 7.20E-02 8.26E-01
2.46 7.35E-02 7.02E-01 7.43E-02 8.26E-01
2.48 7.55E-02 7.02E-01 7.61E-02 8.21E-01
2.49 7.75E-02 7.02E-01 7.84E-02 8.21E-01
2.51 7.95E-02 7.02E-01 8.12E-02 8.21E-01
2.53 8.21E-02 7.02E-01 8.35E-02 8.17E-01
2.54 8.48E-02 7.02E-01 8.62E-02 8.17E-01
2.56 8.74E-02 6.95E-01 8.90E-02 8.17E-01
2.57 8.94E-02 6.95E-01 9.17E-02 8.17E-01
2.59 9.21E-02 6.95E-01 9.50E-02 8.12E-01
2.6 9.47E-02 6.95E-01 9.77E-02 8.12E-01
2.62 9.74E-02 6.89E-01 1.00E-01 8.12E-01
2.63 1.00E-01 6.89E-01 1.03E-01 8.07E-01
2.65 1.03E-01 6.89E-01 1.06E-01 8.07E-01
2.66 1.05E-01 6.89E-01 1.09E-01 8.07E-01
2.68 1.07E-01 6.89E-01 1.11E-01 8.03E-01
2.69 1.09E-01 6.82E-01 1.14E-01 8.03E-01
2.71 1.11E-01 6.82E-01 1.16E-01 7.98E-01
2.72 1.14E-01 6.82E-01 1.19E-01 7.98E-01
2.74 1.16E-01 6.82E-01 1.21E-01 7.98E-01
2.75 1.18E-01 6.75E-01 1.23E-01 7.94E-01
2.77 1.20E-01 6.75E-01 1.26E-01 7.94E-01
2.78 1.23E-01 6.75E-01 1.29E-01 7.89E-01
2.8 1.26E-01 6.69E-01 1.32E-01 7.89E-01
2.81 1.28E-01 6.69E-01 1.35E-01 7.89E-01
2.83 1.31E-01 6.69E-01 1.39E-01 7.84E-01
2.84 1.34E-01 6.69E-01 1.42E-01 7.84E-01
2.86 1.36E-01 6.62E-01 1.44E-01 7.80E-01
2.87 1.39E-01 6.62E-01 1.48E-01 7.80E-01
2.89 1.41E-01 6.60E-01 1.50E-01 7.75E-01
2.9 1.44E-01 6.58E-01 1.53E-01 7.75E-01
2.92 1.46E-01 6.56E-01 1.56E-01 7.71E-01
2.93 1.48E-01 6.54E-01 1.58E-01 7.71E-01
2.95 1.50E-01 6.51E-01 1.61E-01 7.66E-01
2.96 1.52E-01 6.49E-01 1.63E-01 7.66E-01
2.98 1.54E-01 6.47E-01 1.65E-01 7.61E-01
2.99 1.56E-01 6.44E-01 1.67E-01 7.61E-01
3 1.57E-01 6.42E-01 1.69E-01 7.57E-01
3.02 1.58E-01 6.40E-01 1.71E-01 7.57E-01
3.03 1.60E-01 6.38E-01 1.72E-01 7.52E-01
3.05 1.61E-01 6.35E-01 1.74E-01 7.52E-01
3.06 1.62E-01 6.33E-01 1.75E-01 7.48E-01
3.08 1.63E-01 6.30E-01 1.76E-01 7.48E-01
3.09 1.64E-01 6.28E-01 1.78E-01 7.43E-01
3.11 1.64E-01 6.26E-01 1.78E-01 7.39E-01
3.12 1.65E-01 6.24E-01 1.79E-01 7.39E-01
3.13 1.66E-01 6.21E-01 1.80E-01 7.34E-01
3.15 1.66E-01 6.19E-01 1.80E-01 7.34E-01
3.16 1.66E-01 6.17E-01 1.81E-01 7.29E-01
3.18 1.66E-01 6.15E-01 1.81E-01 7.29E-01
3.19 1.66E-01 6.12E-01 1.81E-01 7.25E-01
3.2 1.66E-01 6.09E-01 1.81E-01 7.20E-01
3.22 1.66E-01 6.07E-01 1.81E-01 7.20E-01
3.23 1.66E-01 6.05E-01 1.81E-01 7.16E-01
3.25 1.65E-01 6.03E-01 1.81E-01 7.16E-01
3.26 1.65E-01 6.00E-01 1.80E-01 7.11E-01
3.28 1.64E-01 5.98E-01 1.80E-01 7.11E-01
3.29 1.64E-01 5.95E-01 1.79E-01 7.06E-01
3.3 1.63E-01 5.93E-01 1.78E-01 7.06E-01
3.32 1.62E-01 5.91E-01 1.78E-01 7.02E-01
3.33 1.61E-01 5.89E-01 1.77E-01 7.02E-01
3.34 1.60E-01 5.87E-01 1.76E-01 6.97E-01
3.36 1.60E-01 5.85E-01 1.75E-01 6.93E-01
3.37 1.58E-01 5.82E-01 1.74E-01 6.93E-01
3.39 1.57E-01 5.80E-01 1.73E-01 6.88E-01
3.4 1.56E-01 5.78E-01 1.72E-01 6.88E-01
3.41 1.55E-01 5.75E-01 1.71E-01 6.83E-01
3.43 1.54E-01 5.74E-01 1.70E-01 6.83E-01
3.44 1.53E-01 5.72E-01 1.69E-01 6.79E-01
3.46 1.52E-01 5.70E-01 1.68E-01 6.79E-01
3.47 1.51E-01 5.68E-01 1.67E-01 6.74E-01
3.48 1.50E-01 5.66E-01 1.66E-01 6.74E-01
3.5 1.48E-01 5.64E-01 1.65E-01 6.70E-01
3.51 1.48E-01 5.61E-01 1.64E-01 6.70E-01
3.52 1.46E-01 5.59E-01 1.63E-01 6.65E-01
3.54 1.46E-01 5.57E-01 1.61E-01 6.65E-01
3.55 1.44E-01 5.56E-01 1.61E-01 6.61E-01
3.56 1.44E-01 5.54E-01 1.60E-01 6.61E-01
3.58 1.42E-01 5.52E-01 1.59E-01 6.61E-01
3.59 1.42E-01 5.50E-01 1.58E-01 6.56E-01
3.6 1.41E-01 5.48E-01 1.57E-01 6.56E-01
3.62 1.40E-01 5.46E-01 1.56E-01 6.51E-01
3.63 1.40E-01 5.44E-01 1.56E-01 6.51E-01
3.65 1.39E-01 5.42E-01 1.56E-01 6.47E-01
3.66 1.38E-01 5.40E-01 1.55E-01 6.47E-01
3.67 1.38E-01 5.38E-01 1.54E-01 6.42E-01
3.69 1.37E-01 5.36E-01 1.54E-01 6.42E-01
3.7 1.37E-01 5.34E-01 1.54E-01 6.38E-01
3.71 1.36E-01 5.32E-01 1.53E-01 6.38E-01
3.73 1.36E-01 5.31E-01 1.53E-01 6.38E-01
3.74 1.36E-01 5.29E-01 1.53E-01 6.33E-01
3.75 1.36E-01 5.27E-01 1.53E-01 6.33E-01
3.77 1.35E-01 5.26E-01 1.52E-01 6.28E-01
3.78 1.35E-01 5.24E-01 1.52E-01 6.28E-01
3.79 1.35E-01 5.22E-01 1.52E-01 6.24E-01
3.8 1.35E-01 5.20E-01 1.52E-01 6.24E-01
3.82 1.35E-01 5.19E-01 1.52E-01 6.19E-01
3.83 1.35E-01 5.17E-01 1.53E-01 6.19E-01
3.84 1.35E-01 5.15E-01 1.53E-01 6.19E-01
3.86 1.35E-01 5.13E-01 1.53E-01 6.15E-01
3.87 1.35E-01 5.11E-01 1.53E-01 6.15E-01
3.88 1.35E-01 5.09E-01 1.53E-01 6.10E-01
3.9 1.35E-01 5.08E-01 1.53E-01 6.10E-01
3.91 1.35E-01 5.06E-01 1.53E-01 6.06E-01
3.92 1.35E-01 5.04E-01 1.54E-01 6.06E-01
3.94 1.35E-01 5.03E-01 1.54E-01 6.01E-01
3.95 1.35E-01 5.01E-01 1.54E-01 6.01E-01
3.96 1.35E-01 4.99E-01 1.54E-01 6.01E-01
3.97 1.35E-01 4.97E-01 1.54E-01 5.96E-01
3.99 1.35E-01 4.95E-01 1.54E-01 5.96E-01
4 1.35E-01 4.94E-01 1.54E-01 5.92E-01
4.01 1.35E-01 4.92E-01 1.54E-01 5.92E-01
4.03 1.34E-01 4.90E-01 1.54E-01 5.87E-01
4.04 1.34E-01 4.89E-01 1.54E-01 5.87E-01
4.05 1.34E-01 4.87E-01 1.54E-01 5.87E-01
4.07 1.34E-01 4.85E-01 1.54E-01 5.83E-01
4.08 1.34E-01 4.83E-01 1.54E-01 5.83E-01
4.09 1.34E-01 4.81E-01 1.53E-01 5.78E-01
4.1 1.34E-01 4.80E-01 1.53E-01 5.78E-01
4.12 1.33E-01 4.78E-01 1.53E-01 5.73E-01
4.13 1.33E-01 4.76E-01 1.52E-01 5.73E-01
4.14 1.32E-01 4.75E-01 1.52E-01 5.73E-01
4.15 1.32E-01 4.73E-01 1.52E-01 5.69E-01
4.17 1.32E-01 4.72E-01 1.51E-01 5.69E-01
4.18 1.31E-01 4.70E-01 1.51E-01 5.64E-01
4.19 1.30E-01 4.68E-01 1.50E-01 5.64E-01
4.21 1.30E-01 4.66E-01 1.50E-01 5.60E-01
4.22 1.30E-01 4.65E-01 1.50E-01 5.60E-01
4.23 1.29E-01 4.63E-01 1.49E-01 5.60E-01
4.24 1.29E-01 4.62E-01 1.49E-01 5.55E-01
4.26 1.28E-01 4.60E-01 1.48E-01 5.55E-01
4.27 1.28E-01 4.58E-01 1.47E-01 5.50E-01
4.28 1.27E-01 4.57E-01 1.47E-01 5.50E-01
4.29 1.27E-01 4.55E-01 1.46E-01 5.50E-01
4.31 1.26E-01 4.54E-01 1.46E-01 5.46E-01
4.32 1.26E-01 4.52E-01 1.45E-01 5.46E-01
4.33 1.26E-01 4.50E-01 1.45E-01 5.41E-01
4.34 1.25E-01 4.49E-01 1.44E-01 5.41E-01
4.36 1.25E-01 4.47E-01 1.44E-01 5.41E-01
4.37 1.25E-01 4.46E-01 1.44E-01 5.37E-01
4.38 1.24E-01 4.44E-01 1.44E-01 5.37E-01
4.39 1.24E-01 4.42E-01 1.43E-01 5.32E-01
4.41 1.24E-01 4.41E-01 1.43E-01 5.32E-01
4.42 1.23E-01 4.40E-01 1.43E-01 5.32E-01
4.43 1.23E-01 4.38E-01 1.43E-01 5.28E-01
4.44 1.23E-01 4.36E-01 1.43E-01 5.28E-01
4.46 1.23E-01 4.35E-01 1.43E-01 5.28E-01
4.47 1.23E-01 4.33E-01 1.43E-01 5.23E-01
4.48 1.23E-01 4.32E-01 1.43E-01 5.23E-01
4.49 1.23E-01 4.30E-01 1.43E-01 5.18E-01
4.51 1.23E-01 4.28E-01 1.43E-01 5.18E-01
4.52 1.23E-01 4.27E-01 1.44E-01 5.18E-01
4.53 1.24E-01 4.26E-01 1.44E-01 5.14E-01
4.54 1.24E-01 4.24E-01 1.44E-01 5.14E-01
4.56 1.24E-01 4.23E-01 1.44E-01 5.09E-01
4.57 1.25E-01 4.21E-01 1.45E-01 5.09E-01
4.58 1.25E-01 4.20E-01 1.45E-01 5.09E-01
4.59 1.25E-01 4.18E-01 1.46E-01 5.05E-01
4.6 1.26E-01 4.17E-01 1.47E-01 5.05E-01
4.62 1.26E-01 4.15E-01 1.48E-01 5.05E-01
4.63 1.27E-01 4.13E-01 1.48E-01 5.00E-01
4.64 1.28E-01 4.12E-01 1.49E-01 5.00E-01
4.65 1.28E-01 4.11E-01 1.50E-01 4.95E-01
4.67 1.29E-01 4.09E-01 1.51E-01 4.95E-01
4.68 1.30E-01 4.07E-01 1.52E-01 4.95E-01
4.69 1.30E-01 4.05E-01 1.53E-01 4.91E-01
4.7 1.31E-01 4.04E-01 1.54E-01 4.91E-01
4.71 1.32E-01 4.03E-01 1.55E-01 4.86E-01
4.73 1.33E-01 4.01E-01 1.56E-01 4.86E-01
4.74 1.34E-01 3.99E-01 1.57E-01 4.82E-01
4.75 1.34E-01 3.97E-01 1.58E-01 4.82E-01
4.76 1.36E-01 3.96E-01 1.59E-01 4.82E-01
4.77 1.36E-01 3.94E-01 1.60E-01 4.77E-01
4.79 1.37E-01 3.93E-01 1.61E-01 4.77E-01
4.8 1.38E-01 3.91E-01 1.62E-01 4.72E-01
4.81 1.39E-01 3.89E-01 1.63E-01 4.72E-01
4.82 1.40E-01 3.87E-01 1.64E-01 4.72E-01
4.83 1.40E-01 3.86E-01 1.65E-01 4.68E-01
4.85 1.42E-01 3.84E-01 1.67E-01 4.68E-01
4.86 1.42E-01 3.83E-01 1.67E-01 4.63E-01
4.87 1.43E-01 3.81E-01 1.68E-01 4.63E-01
4.88 1.44E-01 3.79E-01 1.69E-01 4.59E-01
4.89 1.44E-01 3.77E-01 1.70E-01 4.58E-01
4.91 1.45E-01 3.75E-01 1.71E-01 4.56E-01
4.92 1.46E-01 3.74E-01 1.72E-01 4.54E-01
4.93 1.46E-01 3.72E-01 1.73E-01 4.52E-01
4.94 1.47E-01 3.70E-01 1.73E-01 4.50E-01
4.95 1.48E-01 3.69E-01 1.74E-01 4.48E-01
4.97 1.48E-01 3.67E-01 1.75E-01 4.46E-01
4.98 1.48E-01 3.65E-01 1.75E-01 4.44E-01
4.99 1.49E-01 3.64E-01 1.76E-01 4.42E-01
5 1.49E-01 3.62E-01 1.76E-01 4.39E-01
5.01 1.50E-01 3.60E-01 1.77E-01 4.38E-01
5.03 1.50E-01 3.58E-01 1.77E-01 4.35E-01
5.04 1.50E-01 3.56E-01 1.78E-01 4.33E-01
5.05 1.50E-01 3.54E-01 1.78E-01 4.31E-01
5.06 1.50E-01 3.53E-01 1.78E-01 4.29E-01
5.07 1.50E-01 3.51E-01 1.78E-01 4.27E-01
5.08 1.50E-01 3.49E-01 1.78E-01 4.25E-01
5.1 1.50E-01 3.48E-01 1.78E-01 4.23E-01
5.11 1.50E-01 3.46E-01 1.78E-01 4.21E-01
5.12 1.50E-01 3.44E-01 1.77E-01 4.19E-01
5.13 1.49E-01 3.42E-01 1.77E-01 4.17E-01
5.14 1.49E-01 3.40E-01 1.77E-01 4.15E-01
5.16 1.48E-01 3.38E-01 1.76E-01 4.12E-01
5.17 1.48E-01 3.37E-01 1.76E-01 4.11E-01
5.18 1.48E-01 3.35E-01 1.75E-01 4.08E-01
5.19 1.47E-01 3.34E-01 1.74E-01 4.06E-01
5.2 1.46E-01 3.32E-01 1.74E-01 4.04E-01
5.21 1.46E-01 3.30E-01 1.73E-01 4.02E-01
5.23 1.45E-01 3.28E-01 1.72E-01 4.00E-01
5.24 1.44E-01 3.26E-01 1.71E-01 3.98E-01
5.25 1.44E-01 3.25E-01 1.70E-01 3.96E-01
5.26 1.42E-01 3.23E-01 1.69E-01 3.94E-01
5.27 1.42E-01 3.22E-01 1.68E-01 3.92E-01
5.28 1.40E-01 3.20E-01 1.67E-01 3.90E-01
5.29 1.40E-01 3.19E-01 1.66E-01 3.89E-01
5.31 1.38E-01 3.17E-01 1.65E-01 3.87E-01
5.32 1.38E-01 3.15E-01 1.64E-01 3.85E-01
5.33 1.36E-01 3.14E-01 1.62E-01 3.83E-01
5.34 1.35E-01 3.12E-01 1.61E-01 3.81E-01
5.35 1.34E-01 3.11E-01 1.60E-01 3.79E-01
5.36 1.33E-01 3.09E-01 1.58E-01 3.77E-01
5.38 1.32E-01 3.07E-01 1.57E-01 3.75E-01
5.39 1.30E-01 3.06E-01 1.55E-01 3.73E-01
5.4 1.29E-01 3.05E-01 1.54E-01 3.72E-01
5.41 1.28E-01 3.03E-01 1.52E-01 3.70E-01
5.42 1.26E-01 3.01E-01 1.50E-01 3.68E-01
5.43 1.25E-01 3.00E-01 1.49E-01 3.67E-01
5.44 1.24E-01 2.99E-01 1.47E-01 3.65E-01
5.46 1.22E-01 2.97E-01 1.45E-01 3.63E-01
5.47 1.21E-01 2.96E-01 1.44E-01 3.61E-01
5.48 1.19E-01 2.95E-01 1.42E-01 3.60E-01
5.49 1.18E-01 2.93E-01 1.40E-01 3.58E-01
5.5 1.17E-01 2.92E-01 1.39E-01 3.57E-01
5.51 1.15E-01 2.91E-01 1.37E-01 3.55E-01
5.52 1.13E-01 2.89E-01 1.35E-01 3.54E-01
5.54 1.12E-01 2.88E-01 1.33E-01 3.52E-01
5.55 1.11E-01 2.87E-01 1.32E-01 3.50E-01
5.56 1.09E-01 2.85E-01 1.30E-01 3.49E-01
5.57 1.07E-01 2.84E-01 1.28E-01 3.48E-01
5.58 1.06E-01 2.83E-01 1.26E-01 3.46E-01
5.59 1.04E-01 2.81E-01 1.24E-01 3.45E-01
5.6 1.03E-01 2.81E-01 1.22E-01 3.43E-01
5.62 1.01E-01 2.79E-01 1.21E-01 3.42E-01
5.63 9.93E-02 2.78E-01 1.19E-01 3.41E-01
5.64 9.80E-02 2.77E-01 1.17E-01 3.39E-01
5.65 9.67E-02 2.76E-01 1.16E-01 3.38E-01
5.66 9.47E-02 2.75E-01 1.14E-01 3.37E-01
5.67 9.34E-02 2.74E-01 1.12E-01 3.35E-01
5.68 9.21E-02 2.73E-01 1.10E-01 3.34E-01
5.69 9.01E-02 2.72E-01 1.08E-01 3.33E-01
5.71 8.87E-02 2.71E-01 1.06E-01 3.32E-01
5.72 8.74E-02 2.70E-01 1.05E-01 3.31E-01
5.73 8.54E-02 2.69E-01 1.03E-01 3.29E-01
5.74 8.41E-02 2.68E-01 1.01E-01 3.28E-01
5.75 8.28E-02 2.67E-01 9.91E-02 3.27E-01
5.76 8.08E-02 2.66E-01 9.72E-02 3.26E-01
5.77 7.95E-02 2.65E-01 9.54E-02 3.25E-01
5.78 7.81E-02 2.64E-01 9.40E-02 3.24E-01
5.8 7.68E-02 2.64E-01 9.27E-02 3.23E-01
5.81 7.55E-02 2.62E-01 9.08E-02 3.22E-01
5.82 7.48E-02 2.62E-01 8.94E-02 3.21E-01
5.83 7.35E-02 2.61E-01 8.81E-02 3.20E-01
5.84 7.22E-02 2.60E-01 8.67E-02 3.19E-01
5.85 7.15E-02 2.60E-01 8.58E-02 3.18E-01
5.86 7.02E-02 2.58E-01 8.44E-02 3.17E-01
5.87 6.95E-02 2.58E-01 8.35E-02 3.16E-01
5.88 6.82E-02 2.57E-01 8.21E-02 3.15E-01
5.9 6.75E-02 2.56E-01 8.12E-02 3.14E-01
5.91 6.69E-02 2.56E-01 8.03E-02 3.13E-01
5.92 6.60E-02 2.55E-01 7.94E-02 3.12E-01
5.93 6.54E-02 2.54E-01 7.84E-02 3.11E-01
5.94 6.48E-02 2.53E-01 7.80E-02 3.11E-01
5.95 6.42E-02 2.52E-01 7.71E-02 3.10E-01
5.96 6.36E-02 2.52E-01 7.66E-02 3.09E-01
5.97 6.32E-02 2.51E-01 7.61E-02 3.08E-01
5.98 6.28E-02 2.50E-01 7.57E-02 3.07E-01
6 6.25E-02 2.50E-01 7.52E-02 3.06E-01
6.01 6.21E-02 2.49E-01 7.48E-02 3.06E-01
6.02 6.19E-02 2.48E-01 7.48E-02 3.05E-01
6.03 6.17E-02 2.48E-01 7.43E-02 3.04E-01
6.04 6.15E-02 2.47E-01 7.43E-02 3.03E-01
6.05 6.15E-02 2.46E-01 7.39E-02 3.02E-01
6.06 6.14E-02 2.46E-01 7.39E-02 3.01E-01
6.07 6.15E-02 2.45E-01 7.39E-02 3.00E-01
6.08 6.15E-02 2.44E-01 7.43E-02 3.00E-01
6.09 6.16E-02 2.44E-01 7.43E-02 2.99E-01
6.11 6.18E-02 2.43E-01 7.43E-02 2.98E-01
6.12 6.20E-02 2.42E-01 7.48E-02 2.97E-01
6.13 6.22E-02 2.42E-01 7.52E-02 2.97E-01
6.14 6.25E-02 2.41E-01 7.52E-02 2.96E-01
6.15 6.28E-02 2.40E-01 7.57E-02 2.95E-01
6.16 6.32E-02 2.40E-01 7.61E-02 2.94E-01
6.17 6.36E-02 2.39E-01 7.66E-02 2.93E-01
6.18 6.40E-02 2.38E-01 7.75E-02 2.92E-01
6.19 6.45E-02 2.38E-01 7.80E-02 2.92E-01
6.2 6.50E-02 2.37E-01 7.84E-02 2.91E-01
6.21 6.56E-02 2.36E-01 7.94E-02 2.90E-01
6.23 6.61E-02 2.35E-01 7.98E-02 2.89E-01
6.24 6.69E-02 2.34E-01 8.07E-02 2.88E-01
6.25 6.75E-02 2.34E-01 8.12E-02 2.87E-01
6.26 6.82E-02 2.33E-01 8.21E-02 2.86E-01
6.27 6.89E-02 2.32E-01 8.30E-02 2.85E-01
6.28 6.95E-02 2.32E-01 8.39E-02 2.84E-01
6.29 7.02E-02 2.31E-01 8.49E-02 2.83E-01
6.3 7.09E-02 2.30E-01 8.53E-02 2.83E-01
6.31 7.15E-02 2.29E-01 8.62E-02 2.82E-01
6.32 7.22E-02 2.28E-01 8.72E-02 2.81E-01
6.33 7.28E-02 2.28E-01 8.81E-02 2.80E-01
6.35 7.35E-02 2.27E-01 8.90E-02 2.79E-01
6.36 7.42E-02 2.26E-01 8.99E-02 2.78E-01
6.37 7.48E-02 2.25E-01 9.08E-02 2.77E-01
6.38 7.55E-02 2.25E-01 9.17E-02 2.76E-01
6.39 7.62E-02 2.24E-01 9.27E-02 2.75E-01
6.4 7.75E-02 2.23E-01 9.36E-02 2.74E-01
6.41 7.81E-02 2.22E-01 9.45E-02 2.73E-01
6.42 7.88E-02 2.21E-01 9.54E-02 2.72E-01
6.43 7.95E-02 2.21E-01 9.59E-02 2.71E-01
6.44 8.01E-02 2.20E-01 9.68E-02 2.70E-01
6.45 8.08E-02 2.19E-01 9.77E-02 2.69E-01
6.46 8.15E-02 2.18E-01 9.86E-02 2.68E-01
6.47 8.21E-02 2.17E-01 9.91E-02 2.67E-01
6.48 8.21E-02 2.16E-01 1.00E-01 2.66E-01
6.5 8.28E-02 2.15E-01 1.01E-01 2.65E-01
6.51 8.34E-02 2.15E-01 1.01E-01 2.64E-01
6.52 8.41E-02 2.13E-01 1.02E-01 2.62E-01
6.53 8.48E-02 2.13E-01 1.03E-01 2.61E-01
6.54 8.48E-02 2.12E-01 1.03E-01 2.60E-01
6.55 8.54E-02 2.11E-01 1.04E-01 2.59E-01
6.56 8.61E-02 2.10E-01 1.04E-01 2.58E-01
6.57 8.61E-02 2.09E-01 1.05E-01 2.57E-01
6.58 8.68E-02 2.08E-01 1.05E-01 2.56E-01
6.59 8.68E-02 2.07E-01 1.06E-01 2.55E-01
6.6 8.74E-02 2.06E-01 1.06E-01 2.54E-01
6.61 8.74E-02 2.05E-01 1.06E-01 2.52E-01
6.62 8.74E-02 2.04E-01 1.06E-01 2.51E-01
6.63 8.81E-02 2.03E-01 1.07E-01 2.50E-01
6.64 8.81E-02 2.03E-01 1.07E-01 2.49E-01
6.66 8.81E-02 2.01E-01 1.07E-01 2.48E-01
6.67 8.81E-02 2.01E-01 1.07E-01 2.47E-01
6.68 8.81E-02 1.99E-01 1.07E-01 2.46E-01
6.69 8.81E-02 1.99E-01 1.07E-01 2.44E-01
6.7 8.81E-02 1.98E-01 1.07E-01 2.44E-01
6.71 8.81E-02 1.97E-01 1.07E-01 2.42E-01
6.72 8.81E-02 1.96E-01 1.07E-01 2.41E-01
6.73 8.81E-02 1.95E-01 1.07E-01 2.40E-01
6.74 8.81E-02 1.94E-01 1.07E-01 2.39E-01
6.75 8.81E-02 1.93E-01 1.07E-01 2.38E-01
6.76 8.81E-02 1.92E-01 1.07E-01 2.37E-01
6.77 8.74E-02 1.91E-01 1.07E-01 2.35E-01
6.78 8.74E-02 1.90E-01 1.06E-01 2.34E-01
6.79 8.74E-02 1.89E-01 1.06E-01 2.33E-01
6.8 8.74E-02 1.89E-01 1.06E-01 2.32E-01
6.81 8.68E-02 1.87E-01 1.06E-01 2.31E-01
6.82 8.68E-02 1.87E-01 1.06E-01 2.30E-01
6.83 8.61E-02 1.85E-01 1.05E-01 2.29E-01
6.84 8.61E-02 1.85E-01 1.05E-01 2.28E-01
6.86 8.54E-02 1.84E-01 1.05E-01 2.27E-01
6.87 8.54E-02 1.83E-01 1.04E-01 2.26E-01
6.88 8.54E-02 1.82E-01 1.04E-01 2.24E-01
6.89 8.48E-02 1.81E-01 1.03E-01 2.23E-01
6.9 8.48E-02 1.80E-01 1.03E-01 2.22E-01
6.91 8.41E-02 1.79E-01 1.03E-01 2.21E-01
6.92 8.41E-02 1.79E-01 1.02E-01 2.20E-01
6.93 8.34E-02 1.77E-01 1.02E-01 2.19E-01
6.94 8.34E-02 1.77E-01 1.01E-01 2.18E-01
6.95 8.28E-02 1.76E-01 1.01E-01 2.17E-01
6.96 8.28E-02 1.75E-01 1.01E-01 2.16E-01
6.97 8.21E-02 1.74E-01 1.00E-01 2.15E-01
6.98 8.21E-02 1.74E-01 1.00E-01 2.14E-01
6.99 8.15E-02 1.73E-01 9.95E-02 2.13E-01
7 8.15E-02 1.72E-01 9.95E-02 2.11E-01
7.01 8.08E-02 1.71E-01 9.91E-02 2.11E-01
7.02 8.08E-02 1.70E-01 9.86E-02 2.10E-01
7.03 8.08E-02 1.70E-01 9.86E-02 2.09E-01
7.04 8.01E-02 1.68E-01 9.82E-02 2.08E-01
7.05 8.01E-02 1.68E-01 9.77E-02 2.06E-01
7.06 8.01E-02 1.67E-01 9.77E-02 2.06E-01
7.07 7.95E-02 1.66E-01 9.72E-02 2.05E-01
7.08 7.95E-02 1.65E-01 9.72E-02 2.04E-01
7.09 7.95E-02 1.64E-01 9.72E-02 2.03E-01
7.1 7.95E-02 1.64E-01 9.68E-02 2.01E-01
7.12 7.88E-02 1.63E-01 9.68E-02 2.00E-01
7.13 7.88E-02 1.62E-01 9.68E-02 2.00E-01
7.14 7.88E-02 1.61E-01 9.68E-02 1.99E-01
7.15 7.88E-02 1.60E-01 9.63E-02 1.98E-01
7.16 7.88E-02 1.60E-01 9.63E-02 1.96E-01
7.17 7.88E-02 1.58E-01 9.63E-02 1.95E-01
7.18 7.88E-02 1.58E-01 9.63E-02 1.94E-01
7.19 7.88E-02 1.57E-01 9.63E-02 1.94E-01
7.2 7.88E-02 1.56E-01 9.68E-02 1.93E-01
7.21 7.88E-02 1.56E-01 9.68E-02 1.92E-01
7.22 7.88E-02 1.54E-01 9.68E-02 1.91E-01
7.23 7.88E-02 1.54E-01 9.68E-02 1.89E-01
7.24 7.95E-02 1.53E-01 9.68E-02 1.89E-01
7.25 7.95E-02 1.52E-01 9.72E-02 1.88E-01
7.26 7.95E-02 1.51E-01 9.72E-02 1.87E-01
7.27 7.95E-02 1.50E-01 9.77E-02 1.86E-01
7.28 8.01E-02 1.50E-01 9.77E-02 1.84E-01
7.29 8.01E-02 1.49E-01 9.82E-02 1.83E-01
7.3 8.01E-02 1.48E-01 9.82E-02 1.83E-01
7.31 8.01E-02 1.47E-01 9.86E-02 1.82E-01
7.32 8.08E-02 1.46E-01 9.86E-02 1.81E-01
7.33 8.08E-02 1.46E-01 9.91E-02 1.80E-01
7.34 8.08E-02 1.44E-01 9.91E-02 1.78E-01
7.35 8.15E-02 1.44E-01 9.95E-02 1.78E-01
7.36 8.15E-02 1.43E-01 1.00E-01 1.77E-01
7.37 8.15E-02 1.42E-01 1.00E-01 1.76E-01
7.38 8.21E-02 1.41E-01 1.00E-01 1.74E-01
7.39 8.21E-02 1.40E-01 1.01E-01 1.73E-01
7.4 8.28E-02 1.40E-01 1.01E-01 1.72E-01
7.41 8.28E-02 1.39E-01 1.01E-01 1.72E-01
7.42 8.28E-02 1.38E-01 1.02E-01 1.70E-01
7.43 8.34E-02 1.37E-01 1.02E-01 1.69E-01
7.44 8.34E-02 1.36E-01 1.02E-01 1.68E-01
7.45 8.34E-02 1.36E-01 1.03E-01 1.67E-01
7.46 8.41E-02 1.34E-01 1.03E-01 1.66E-01
7.47 8.41E-02 1.34E-01 1.03E-01 1.65E-01
7.48 8.41E-02 1.33E-01 1.03E-01 1.64E-01
7.49 8.48E-02 1.32E-01 1.04E-01 1.63E-01
7.5 8.48E-02 1.31E-01 1.04E-01 1.62E-01
7.51 8.48E-02 1.30E-01 1.04E-01 1.61E-01
7.52 8.48E-02 1.30E-01 1.04E-01 1.60E-01
7.53 8.54E-02 1.28E-01 1.05E-01 1.59E-01
7.54 8.54E-02 1.28E-01 1.05E-01 1.58E-01
7.55 8.54E-02 1.27E-01 1.05E-01 1.57E-01
7.56 8.54E-02 1.26E-01 1.05E-01 1.56E-01
7.57 8.54E-02 1.25E-01 1.05E-01 1.55E-01
7.58 8.61E-02 1.25E-01 1.06E-01 1.54E-01
7.59 8.61E-02 1.23E-01 1.06E-01 1.53E-01
7.6 8.61E-02 1.23E-01 1.06E-01 1.51E-01
7.61 8.61E-02 1.22E-01 1.06E-01 1.50E-01
7.62 8.61E-02 1.21E-01 1.06E-01 1.50E-01
7.63 8.61E-02 1.20E-01 1.06E-01 1.48E-01
7.64 8.61E-02 1.19E-01 1.06E-01 1.47E-01
7.65 8.61E-02 1.19E-01 1.06E-01 1.46E-01
7.66 8.61E-02 1.17E-01 1.06E-01 1.45E-01
7.67 8.61E-02 1.17E-01 1.06E-01 1.44E-01
7.68 8.61E-02 1.16E-01 1.06E-01 1.43E-01
7.69 8.61E-02 1.15E-01 1.06E-01 1.42E-01
7.7 8.61E-02 1.14E-01 1.06E-01 1.41E-01
7.71 8.54E-02 1.13E-01 1.06E-01 1.40E-01
7.72 8.54E-02 1.13E-01 1.05E-01 1.39E-01
7.73 8.54E-02 1.11E-01 1.05E-01 1.38E-01
7.74 8.54E-02 1.11E-01 1.05E-01 1.37E-01
7.75 8.54E-02 1.10E-01 1.05E-01 1.36E-01
7.76 8.48E-02 1.09E-01 1.05E-01 1.34E-01
7.77 8.48E-02 1.08E-01 1.05E-01 1.33E-01
7.78 8.48E-02 1.07E-01 1.04E-01 1.33E-01
7.79 8.48E-02 1.07E-01 1.04E-01 1.32E-01
7.8 8.41E-02 1.05E-01 1.04E-01 1.30E-01
7.81 8.41E-02 1.05E-01 1.04E-01 1.29E-01
7.82 8.41E-02 1.04E-01 1.03E-01 1.28E-01
7.83 8.34E-02 1.03E-01 1.03E-01 1.28E-01
7.84 8.34E-02 1.02E-01 1.03E-01 1.26E-01
7.85 8.34E-02 1.01E-01 1.02E-01 1.25E-01
7.86 8.28E-02 1.01E-01 1.02E-01 1.24E-01
7.87 8.28E-02 1.00E-01 1.02E-01 1.23E-01
7.88 8.28E-02 9.87E-02 1.01E-01 1.22E-01
7.89 8.21E-02 9.80E-02 1.01E-01 1.21E-01
7.9 8.21E-02 9.74E-02 1.01E-01 1.20E-01
7.91 8.15E-02 9.67E-02 1.00E-01 1.19E-01
7.92 8.15E-02 9.54E-02 1.00E-01 1.18E-01
7.93 8.15E-02 9.47E-02 1.00E-01 1.17E-01
7.94 8.08E-02 9.40E-02 9.95E-02 1.17E-01
7.95 8.08E-02 9.34E-02 9.91E-02 1.15E-01
7.96 8.01E-02 9.27E-02 9.91E-02 1.14E-01
7.97 8.01E-02 9.14E-02 9.86E-02 1.13E-01
7.98 7.95E-02 9.07E-02 9.82E-02 1.12E-01
7.99 7.95E-02 9.01E-02 9.77E-02 1.11E-01
8 7.88E-02 8.94E-02 9.72E-02 1.11E-01
8.01 7.88E-02 8.87E-02 9.68E-02 1.10E-01
8.02 7.81E-02 8.74E-02 9.68E-02 1.09E-01
8.03 7.81E-02 8.68E-02 9.63E-02 1.08E-01
8.04 7.75E-02 8.61E-02 9.59E-02 1.07E-01
8.05 7.75E-02 8.54E-02 9.54E-02 1.06E-01
8.06 7.68E-02 8.48E-02 9.50E-02 1.05E-01
8.07 7.68E-02 8.41E-02 9.45E-02 1.04E-01
8.08 7.62E-02 8.34E-02 9.40E-02 1.03E-01
8.09 7.62E-02 8.21E-02 9.36E-02 1.02E-01
8.1 7.55E-02 8.15E-02 9.31E-02 1.01E-01
8.11 7.55E-02 8.08E-02 9.27E-02 1.00E-01
8.12 7.48E-02 8.01E-02 9.22E-02 9.95E-02
8.13 7.42E-02 7.95E-02 9.17E-02 9.86E-02
8.14 7.42E-02 7.88E-02 9.13E-02 9.77E-02
8.15 7.35E-02 7.81E-02 9.08E-02 9.68E-02
8.16 7.28E-02 7.75E-02 8.99E-02 9.59E-02
8.17 7.28E-02 7.68E-02 8.94E-02 9.50E-02
8.18 7.22E-02 7.62E-02 8.90E-02 9.40E-02
8.19 7.15E-02 7.55E-02 8.85E-02 9.31E-02
8.2 7.15E-02 7.42E-02 8.76E-02 9.22E-02
8.21 7.09E-02 7.35E-02 8.72E-02 9.13E-02
8.22 7.02E-02 7.28E-02 8.67E-02 9.04E-02
8.23 6.95E-02 7.22E-02 8.58E-02 8.99E-02
8.24 6.89E-02 7.15E-02 8.53E-02 8.90E-02
8.25 6.89E-02 7.09E-02 8.44E-02 8.81E-02
8.26 6.82E-02 7.02E-02 8.39E-02 8.72E-02
8.27 6.75E-02 6.95E-02 8.30E-02 8.62E-02
8.28 6.69E-02 6.89E-02 8.26E-02 8.58E-02
8.29 6.62E-02 6.82E-02 8.17E-02 8.49E-02
8.3 6.56E-02 6.75E-02 8.12E-02 8.39E-02
8.31 6.50E-02 6.69E-02 8.03E-02 8.30E-02
8.32 6.44E-02 6.62E-02 7.94E-02 8.26E-02
8.32 6.37E-02 6.59E-02 7.84E-02 8.17E-02
8.33 6.30E-02 6.53E-02 7.75E-02 8.07E-02
8.34 6.23E-02 6.47E-02 7.71E-02 8.03E-02
8.35 6.16E-02 6.41E-02 7.61E-02 7.94E-02
8.36 6.08E-02 6.35E-02 7.52E-02 7.89E-02
8.37 6.01E-02 6.29E-02 7.43E-02 7.80E-02
8.38 5.93E-02 6.23E-02 7.34E-02 7.75E-02
8.39 5.85E-02 6.18E-02 7.20E-02 7.66E-02
8.4 5.77E-02 6.12E-02 7.11E-02 7.57E-02
8.41 5.69E-02 6.07E-02 7.02E-02 7.52E-02
8.42 5.60E-02 6.01E-02 6.93E-02 7.43E-02
8.43 5.52E-02 5.96E-02 6.83E-02 7.39E-02
8.44 5.43E-02 5.91E-02 6.70E-02 7.34E-02
8.45 5.34E-02 5.85E-02 6.61E-02 7.25E-02
8.46 5.25E-02 5.80E-02 6.47E-02 7.20E-02
8.47 5.16E-02 5.75E-02 6.38E-02 7.16E-02
8.48 5.07E-02 5.70E-02 6.24E-02 7.06E-02
8.49 4.97E-02 5.66E-02 6.15E-02 7.02E-02
8.5 4.87E-02 5.61E-02 6.01E-02 6.97E-02
8.51 4.77E-02 5.56E-02 5.87E-02 6.88E-02
8.52 4.67E-02 5.52E-02 5.78E-02 6.83E-02
8.53 4.57E-02 5.47E-02 5.64E-02 6.79E-02
8.54 4.46E-02 5.42E-02 5.50E-02 6.74E-02
8.55 4.36E-02 5.38E-02 5.37E-02 6.70E-02
8.56 4.25E-02 5.34E-02 5.23E-02 6.65E-02
8.57 4.14E-02 5.30E-02 5.14E-02 6.56E-02
8.58 4.03E-02 5.26E-02 5.00E-02 6.51E-02
8.59 3.91E-02 5.23E-02 4.82E-02 6.47E-02
8.59 3.80E-02 5.19E-02 4.68E-02 6.42E-02
8.6 3.69E-02 5.15E-02 4.56E-02 6.38E-02
8.61 3.57E-02 5.12E-02 4.41E-02 6.33E-02
8.62 3.45E-02 5.09E-02 4.26E-02 6.33E-02
8.63 3.32E-02 5.05E-02 4.11E-02 6.28E-02
8.64 3.23E-02 5.02E-02 3.99E-02 6.24E-02
8.65 3.15E-02 4.99E-02 3.89E-02 6.19E-02
8.66 3.09E-02 4.96E-02 3.82E-02 6.15E-02
8.67 3.03E-02 4.93E-02 3.75E-02 6.10E-02
8.68 2.97E-02 4.90E-02 3.67E-02 6.10E-02
8.69 2.91E-02 4.87E-02 3.60E-02 6.06E-02
8.7 2.86E-02 4.85E-02 3.53E-02 6.01E-02
8.71 2.81E-02 4.82E-02 3.47E-02 5.96E-02
8.72 2.75E-02 4.79E-02 3.41E-02 5.96E-02
8.73 2.71E-02 4.77E-02 3.35E-02 5.92E-02
8.74 2.67E-02 4.74E-02 3.30E-02 5.87E-02
8.75 2.63E-02 4.72E-02 3.25E-02 5.87E-02
8.76 2.59E-02 4.69E-02 3.20E-02 5.83E-02
8.77 2.55E-02 4.67E-02 3.16E-02 5.78E-02
8.78 2.52E-02 4.64E-02 3.11E-02 5.78E-02
8.79 2.48E-02 4.62E-02 3.07E-02 5.73E-02
8.8 2.46E-02 4.60E-02 3.04E-02 5.69E-02
8.8 2.43E-02 4.57E-02 3.01E-02 5.69E-02
8.81 2.41E-02 4.55E-02 2.98E-02 5.64E-02
8.82 2.38E-02 4.53E-02 2.95E-02 5.64E-02
8.83 2.36E-02 4.50E-02 2.93E-02 5.60E-02
8.84 2.35E-02 4.48E-02 2.91E-02 5.55E-02
8.85 2.34E-02 4.46E-02 2.89E-02 5.55E-02
8.86 2.32E-02 4.44E-02 2.88E-02 5.50E-02
8.87 2.31E-02 4.42E-02 2.86E-02 5.50E-02
8.88 2.30E-02 4.40E-02 2.85E-02 5.46E-02
8.89 2.30E-02 4.37E-02 2.84E-02 5.41E-02
8.9 2.30E-02 4.35E-02 2.84E-02 5.41E-02
8.91 2.29E-02 4.33E-02 2.83E-02 5.37E-02
8.92 2.29E-02 4.30E-02 2.83E-02 5.37E-02
8.93 2.29E-02 4.28E-02 2.84E-02 5.32E-02
8.94 2.30E-02 4.26E-02 2.84E-02 5.28E-02
8.95 2.30E-02 4.25E-02 2.85E-02 5.28E-02
8.96 2.30E-02 4.22E-02 2.86E-02 5.23E-02
8.97 2.32E-02 4.20E-02 2.87E-02 5.23E-02
8.97 2.32E-02 4.18E-02 2.88E-02 5.18E-02
8.98 2.33E-02 4.15E-02 2.89E-02 5.14E-02
8.99 2.34E-02 4.13E-02 2.90E-02 5.14E-02
9 2.36E-02 4.11E-02 2.92E-02 5.09E-02
9.01 2.37E-02 4.09E-02 2.94E-02 5.09E-02
9.02 2.38E-02 4.07E-02 2.95E-02 5.05E-02
9.03 2.40E-02 4.05E-02 2.97E-02 5.00E-02
9.04 2.42E-02 4.02E-02 3.00E-02 5.00E-02
9.05 2.44E-02 4.00E-02 3.02E-02 4.95E-02
9.06 2.46E-02 3.97E-02 3.04E-02 4.95E-02
9.07 2.47E-02 3.95E-02 3.06E-02 4.91E-02
9.08 2.49E-02 3.93E-02 3.09E-02 4.86E-02
9.09 2.51E-02 3.91E-02 3.11E-02 4.86E-02
9.1 2.53E-02 3.88E-02 3.14E-02 4.82E-02
9.11 2.55E-02 3.86E-02 3.16E-02 4.77E-02
9.12 2.58E-02 3.83E-02 3.19E-02 4.77E-02
9.13 2.60E-02 3.81E-02 3.22E-02 4.72E-02
9.13 2.62E-02 3.79E-02 3.24E-02 4.72E-02
9.14 2.64E-02 3.76E-02 3.27E-02 4.68E-02
9.15 2.66E-02 3.74E-02 3.29E-02 4.63E-02
9.16 2.68E-02 3.71E-02 3.32E-02 4.63E-02
9.17 2.70E-02 3.69E-02 3.35E-02 4.58E-02
9.18 2.72E-02 3.66E-02 3.38E-02 4.55E-02
9.19 2.75E-02 3.64E-02 3.40E-02 4.52E-02
9.2 2.77E-02 3.61E-02 3.43E-02 4.49E-02
9.21 2.79E-02 3.58E-02 3.45E-02 4.45E-02
9.22 2.81E-02 3.56E-02 3.48E-02 4.42E-02
9.23 2.83E-02 3.53E-02 3.51E-02 4.39E-02
9.24 2.85E-02 3.50E-02 3.53E-02 4.35E-02
9.25 2.87E-02 3.48E-02 3.56E-02 4.32E-02
9.26 2.89E-02 3.45E-02 3.58E-02 4.29E-02
9.27 2.91E-02 3.42E-02 3.61E-02 4.26E-02
9.27 2.93E-02 3.40E-02 3.63E-02 4.22E-02
9.28 2.95E-02 3.37E-02 3.66E-02 4.19E-02
9.29 2.97E-02 3.34E-02 3.68E-02 4.15E-02
9.3 2.99E-02 3.31E-02 3.71E-02 4.12E-02
9.31 3.01E-02 3.28E-02 3.73E-02 4.08E-02
9.32 3.03E-02 3.26E-02 3.75E-02 4.05E-02
9.33 3.04E-02 3.23E-02 3.77E-02 4.01E-02
9.34 3.06E-02 3.21E-02 3.79E-02 3.98E-02
9.35 3.07E-02 3.17E-02 3.81E-02 3.94E-02
9.36 3.09E-02 3.15E-02 3.83E-02 3.91E-02
9.37 3.11E-02 3.12E-02 3.85E-02 3.87E-02
9.38 3.12E-02 3.09E-02 3.87E-02 3.84E-02
9.39 3.14E-02 3.06E-02 3.89E-02 3.80E-02
9.4 3.15E-02 3.03E-02 3.91E-02 3.77E-02
9.4 3.17E-02 3.00E-02 3.93E-02 3.73E-02
9.41 3.18E-02 2.97E-02 3.94E-02 3.69E-02
9.42 3.19E-02 2.94E-02 3.96E-02 3.66E-02
9.43 3.21E-02 2.91E-02 3.97E-02 3.62E-02
9.44 3.21E-02 2.88E-02 3.99E-02 3.58E-02
9.45 3.23E-02 2.85E-02 4.00E-02 3.55E-02
9.46 3.24E-02 2.82E-02 4.02E-02 3.51E-02
9.47 3.25E-02 2.79E-02 4.03E-02 3.47E-02
9.48 3.26E-02 2.76E-02 4.04E-02 3.44E-02
9.49 3.26E-02 2.74E-02 4.06E-02 3.40E-02
9.5 3.28E-02 2.70E-02 4.06E-02 3.36E-02
9.51 3.28E-02 2.68E-02 4.08E-02 3.32E-02
9.52 3.29E-02 2.64E-02 4.09E-02 3.28E-02
9.52 3.30E-02 2.61E-02 4.10E-02 3.25E-02
9.53 3.30E-02 2.58E-02 4.10E-02 3.21E-02
9.54 3.31E-02 2.55E-02 4.11E-02 3.17E-02
9.55 3.32E-02 2.52E-02 4.12E-02 3.13E-02
9.56 3.32E-02 2.49E-02 4.12E-02 3.10E-02
9.57 3.32E-02 2.46E-02 4.13E-02 3.06E-02
9.58 3.33E-02 2.43E-02 4.13E-02 3.02E-02
9.59 3.33E-02 2.40E-02 4.14E-02 2.98E-02
9.6 3.33E-02 2.37E-02 4.14E-02 2.94E-02
9.61 3.34E-02 2.34E-02 4.14E-02 2.91E-02
9.62 3.34E-02 2.30E-02 4.14E-02 2.87E-02
9.63 3.34E-02 2.28E-02 4.14E-02 2.83E-02
9.63 3.34E-02 2.25E-02 4.14E-02 2.79E-02
9.64 3.33E-02 2.21E-02 4.14E-02 2.75E-02
9.65 3.33E-02 2.19E-02 4.14E-02 2.72E-02
9.66 3.33E-02 2.15E-02 4.13E-02 2.68E-02
9.67 3.32E-02 2.13E-02 4.13E-02 2.64E-02
9.68 3.32E-02 2.09E-02 4.12E-02 2.60E-02
9.69 3.32E-02 2.06E-02 4.12E-02 2.56E-02
9.7 3.31E-02 2.03E-02 4.11E-02 2.53E-02
9.71 3.30E-02 2.00E-02 4.11E-02 2.49E-02
9.72 3.30E-02 1.97E-02 4.10E-02 2.45E-02
9.73 3.28E-02 1.94E-02 4.08E-02 2.42E-02
9.74 3.28E-02 1.91E-02 4.07E-02 2.38E-02
9.74 3.26E-02 1.88E-02 4.06E-02 2.34E-02
9.75 3.26E-02 1.85E-02 4.05E-02 2.30E-02
9.76 3.25E-02 1.82E-02 4.03E-02 2.27E-02
9.77 3.23E-02 1.79E-02 4.02E-02 2.23E-02
9.78 3.22E-02 1.76E-02 4.00E-02 2.19E-02
9.79 3.21E-02 1.74E-02 3.98E-02 2.16E-02
9.8 3.19E-02 1.71E-02 3.96E-02 2.12E-02
9.81 3.17E-02 1.68E-02 3.94E-02 2.09E-02
9.82 3.16E-02 1.65E-02 3.92E-02 2.05E-02
9.83 3.14E-02 1.62E-02 3.90E-02 2.01E-02
9.84 3.12E-02 1.59E-02 3.88E-02 1.98E-02
9.84 3.10E-02 1.56E-02 3.86E-02 1.94E-02
9.85 3.08E-02 1.54E-02 3.83E-02 1.91E-02
9.86 3.06E-02 1.51E-02 3.81E-02 1.88E-02
9.87 3.04E-02 1.48E-02 3.78E-02 1.84E-02
9.88 3.02E-02 1.45E-02 3.75E-02 1.81E-02
9.89 2.99E-02 1.42E-02 3.72E-02 1.77E-02
9.9 2.97E-02 1.40E-02 3.70E-02 1.74E-02
9.91 2.95E-02 1.37E-02 3.67E-02 1.71E-02
9.92 2.93E-02 1.34E-02 3.64E-02 1.67E-02
9.93 2.90E-02 1.32E-02 3.61E-02 1.64E-02
9.93 2.87E-02 1.29E-02 3.57E-02 1.61E-02
9.94 2.85E-02 1.26E-02 3.54E-02 1.57E-02
9.95 2.82E-02 1.24E-02 3.51E-02 1.54E-02
9.96 2.79E-02 1.21E-02 3.47E-02 1.51E-02
9.97 2.77E-02 1.19E-02 3.44E-02 1.48E-02
9.98 2.74E-02 1.17E-02 3.40E-02 1.45E-02
9.99 2.71E-02 1.14E-02 3.37E-02 1.42E-02
10 2.68E-02 1.11E-02 3.33E-02 1.39E-02
10.01 2.65E-02 1.09E-02 3.30E-02 1.36E-02
10.02 2.62E-02 1.07E-02 3.26E-02 1.33E-02
10.03 2.59E-02 1.05E-02 3.22E-02 1.30E-02
10.03 2.56E-02 1.02E-02 3.18E-02 1.27E-02
10.04 2.53E-02 1.00E-02 3.15E-02 1.24E-02
10.05 2.50E-02 9.74E-03 3.11E-02 1.21E-02
10.06 2.46E-02 9.54E-03 3.07E-02 1.18E-02
10.07 2.43E-02 9.34E-03 3.03E-02 1.16E-02
10.08 2.40E-02 9.07E-03 2.99E-02 1.13E-02
10.09 2.37E-02 8.87E-03 2.95E-02 1.11E-02
10.1 2.34E-02 8.68E-03 2.91E-02 1.08E-02
10.11 2.30E-02 8.48E-03 2.87E-02 1.05E-02
10.12 2.27E-02 8.28E-03 2.83E-02 1.03E-02
10.12 2.24E-02 8.08E-03 2.79E-02 1.00E-02
10.13 2.21E-02 7.88E-03 2.75E-02 9.77E-03
10.14 2.17E-02 7.68E-03 2.71E-02 9.50E-03
10.15 2.14E-02 7.48E-03 2.67E-02 9.27E-03
10.16 2.11E-02 7.28E-03 2.62E-02 9.04E-03
10.17 2.08E-02 7.09E-03 2.58E-02 8.81E-03
10.18 2.05E-02 6.89E-03 2.54E-02 8.58E-03
10.19 2.01E-02 6.69E-03 2.50E-02 8.35E-03
10.2 1.98E-02 6.54E-03 2.46E-02 8.12E-03
10.21 1.95E-02 6.36E-03 2.42E-02 7.89E-03
10.21 1.91E-02 6.19E-03 2.38E-02 7.71E-03
10.22 1.88E-02 6.01E-03 2.34E-02 7.48E-03
10.23 1.85E-02 5.85E-03 2.30E-02 7.29E-03
10.24 1.81E-02 5.68E-03 2.26E-02 7.06E-03
10.25 1.78E-02 5.52E-03 2.22E-02 6.88E-03
10.26 1.75E-02 5.36E-03 2.17E-02 6.65E-03
10.27 1.72E-02 5.21E-03 2.13E-02 6.47E-03
10.28 1.68E-02 5.06E-03 2.10E-02 6.28E-03
10.29 1.65E-02 4.91E-03 2.06E-02 6.10E-03
10.29 1.62E-02 4.77E-03 2.01E-02 5.92E-03
10.3 1.59E-02 4.62E-03 1.97E-02 5.73E-03
10.31 1.56E-02 4.48E-03 1.94E-02 5.55E-03
10.32 1.52E-02 4.34E-03 1.89E-02 5.41E-03
10.33 1.49E-02 4.21E-03 1.85E-02 5.23E-03
10.34 1.46E-02 4.08E-03 1.82E-02 5.09E-03
10.35 1.43E-02 3.95E-03 1.78E-02 4.91E-03
10.36 1.40E-02 3.82E-03 1.74E-02 4.77E-03
10.37 1.36E-02 3.70E-03 1.70E-02 4.59E-03
10.37 1.34E-02 3.58E-03 1.66E-02 4.45E-03
10.38 1.30E-02 3.46E-03 1.62E-02 4.31E-03
10.39 1.27E-02 3.35E-03 1.58E-02 4.17E-03
10.4 1.25E-02 3.24E-03 1.55E-02 4.02E-03
10.41 1.21E-02 3.13E-03 1.51E-02 3.89E-03
10.42 1.19E-02 3.02E-03 1.47E-02 3.76E-03
10.43 1.15E-02 2.92E-03 1.44E-02 3.63E-03
10.44 1.13E-02 2.81E-03 1.40E-02 3.50E-03
10.45 1.09E-02 2.72E-03 1.36E-02 3.38E-03
10.45 1.07E-02 2.62E-03 1.33E-02 3.26E-03
10.46 1.03E-02 2.53E-03 1.29E-02 3.14E-03
10.47 1.01E-02 2.44E-03 1.25E-02 3.03E-03
10.48 9.80E-03 2.35E-03 1.22E-02 2.92E-03
10.49 9.54E-03 2.26E-03 1.18E-02 2.82E-03
10.5 9.21E-03 2.18E-03 1.15E-02 2.71E-03
10.51 8.94E-03 2.10E-03 1.11E-02 2.61E-03
10.52 8.68E-03 2.03E-03 1.08E-02 2.51E-03
10.53 8.41E-03 1.95E-03 1.05E-02 2.42E-03
10.53 8.15E-03 1.87E-03 1.01E-02 2.33E-03
10.54 7.88E-03 1.80E-03 9.82E-03 2.24E-03
10.55 7.62E-03 1.74E-03 9.50E-03 2.16E-03
10.56 7.35E-03 1.67E-03 9.17E-03 2.07E-03
10.57 7.15E-03 1.60E-03 8.85E-03 2.00E-03
10.58 6.89E-03 1.54E-03 8.58E-03 1.92E-03
10.59 6.62E-03 1.48E-03 8.26E-03 1.84E-03
10.6 6.41E-03 1.42E-03 7.98E-03 1.77E-03
10.7 3.95E-03 8.81E-04 4.91E-03 1.10E-03
10.71 3.78E-03 8.48E-04 4.68E-03 1.06E-03
10.72 3.62E-03 8.15E-04 4.50E-03 1.01E-03
10.73 3.46E-03 7.88E-04 4.30E-03 9.77E-04
10.74 3.30E-03 7.55E-04 4.10E-03 9.40E-04
10.75 3.15E-03 7.28E-04 3.92E-03 9.04E-04
10.75 3.01E-03 7.02E-04 3.74E-03 8.72E-04
10.76 2.87E-03 6.75E-04 3.56E-03 8.39E-04
10.77 2.74E-03 6.50E-04 3.40E-03 8.07E-04
10.78 2.61E-03 6.27E-04 3.24E-03 7.80E-04
10.79 2.48E-03 6.05E-04 3.09E-03 7.52E-04
10.8 2.36E-03 5.83E-04 2.94E-03 7.25E-04
10.81 2.25E-03 5.63E-04 2.80E-03 7.02E-04
10.82 2.15E-03 5.44E-04 2.67E-03 6.74E-04
10.82 2.04E-03 5.26E-04 2.54E-03 6.51E-04
10.83 1.94E-03 5.08E-04 2.41E-03 6.33E-04
10.84 1.85E-03 4.91E-04 2.30E-03 6.10E-04
10.85 1.76E-03 4.75E-04 2.19E-03 5.92E-04
10.86 1.68E-03 4.61E-04 2.08E-03 5.73E-04
10.87 1.60E-03 4.46E-04 1.98E-03 5.55E-04
10.88 1.52E-03 4.33E-04 1.89E-03 5.37E-04
10.89 1.45E-03 4.20E-04 1.80E-03 5.23E-04
10.89 1.38E-03 4.07E-04 1.72E-03 5.05E-04
10.9 1.32E-03 3.96E-04 1.64E-03 4.91E-04
10.91 1.26E-03 3.85E-04 1.56E-03 4.77E-04
10.92 1.20E-03 3.74E-04 1.49E-03 4.63E-04
10.93 1.15E-03 3.64E-04 1.43E-03 4.51E-04
10.94 1.10E-03 3.54E-04 1.37E-03 4.39E-04
10.95 1.05E-03 3.44E-04 1.31E-03 4.28E-04
10.96 1.01E-03 3.35E-04 1.26E-03 4.17E-04
10.96 9.74E-04 3.26E-04 1.21E-03 4.06E-04
10.97 9.34E-04 3.19E-04 1.16E-03 3.95E-04
10.98 9.01E-04 3.11E-04 1.12E-03 3.86E-04
10.99 8.68E-04 3.03E-04 1.08E-03 3.76E-04
11 8.41E-04 2.95E-04 1.04E-03 3.67E-04