1mcnp     version 4b    ld=02/04/97                                       
 *************************************************************************                 probid =                    
                                                                                 

    1-       Polyethylene sphere                                                             
    2-       1 1 -0.93 -1                                                                    
    3-       2 0 1 -2 (-3:4:-5:6:-7:8) (-9:10:-5:6:-7:8) (-11:12:-5:6:-7:8)                  
    4-       3 0 3 -4 5 -6 7 -8                                                              
    5-       4 0 9 -10 5 -6 7 -8                                                             
    6-       5 0 11 -12 5 -6 7 -8                                                            
    7-       6 0 2                                                                           
    8-                                                                                       
    9-       1 SO 0.6                                                                        
   10-       2 SO 30.0                                                                       
   11-       3 PZ 0.6                                                                        
   12-       4 PZ 3.6                                                                        
   13-       5 PY -1.5                                                                       
   14-       6 PY 1.5                                                                        
   15-       7 PX -1.5                                                                       
   16-       8 PX 1.5                                                                        
   17-       9 PZ 15.0                                                                       
   18-       10 PZ 18.0                                                                      
   19-       11 PZ 25.0                                                                      
   20-       12 PZ 28.0                                                                      
   21-                                                                                       
   22-       mode n p                                                                        
   23-       IMP:N 1 1 1 1 1 0                                                               
   24-       IMP:P 1 1 1 1 1 0                                                               
   25-       sdef erg=d1                                                                     
   26-       c –°–ø–µ–∫—Ç—Ä –≥–∞–º–º–∞ –∏–∑–ª—É—á–µ–Ω–∏—è, –∏—Å–ø—É—Å–∫–∞–µ–º–æ–≥–æ –Ω–µ–π—Ç—
   27-       SI1 H 0.043 0.063 0.079 0.093 0.106 0.118                                       
   28-             0.129 0.14 0.15 0.16 0.17 0.18                                            
   29-             0.189 0.198 0.207 0.216 0.225 0.233                                       
   30-             0.242 0.25 0.258 0.266 0.274 0.282                                        
   31-             0.29 0.298 0.306 0.314 0.322 0.329                                        
   32-             0.337 0.344 0.352 0.359 0.367 0.374                                       
   33-             0.382 0.389 0.396 0.404 0.411 0.418                                       
   34-             0.425 0.433 0.44 0.447 0.454 0.461                                        
   35-             0.468 0.475 0.482 0.489 0.496 0.503                                       
   36-             0.51 0.517 0.524 0.531 0.538 0.545                                        
   37-             0.552 0.558 0.565 0.572 0.579 0.586                                       
   38-             0.593 0.599 0.606 0.613 0.62 0.626                                        
   39-             0.633 0.64 0.647 0.653 0.66 0.667                                         
   40-             0.673 0.68 0.687 0.693 0.7 0.707                                          
   41-             0.713 0.72 0.727 0.733 0.74 0.747                                         
   42-             0.753 0.76 0.766 0.773 0.78 0.786                                         
   43-             0.793 0.799 0.806 0.812 0.819 0.825                                       
   44-             0.832 0.839 0.845 0.852 0.858 0.865                                       
   45-             0.871 0.878 0.884 0.891 0.897 0.904                                       
   46-             0.91 0.917 0.923 0.93 0.936 0.943                                         
   47-             0.949 0.956 0.962 0.968 0.975 0.981                                       
   48-             0.988 0.994 1.001 1.007 1.014 1.02                                        
   49-             1.027 1.033 1.039 1.046 1.052 1.059                                       
   50-             1.065 1.072 1.078 1.084 1.091 1.097                                       
   51-             1.104 1.11 1.116 1.123 1.129 1.136                                        
   52-             1.142 1.148 1.155 1.161 1.168 1.174                                       
   53-             1.18 1.187 1.193 1.199 1.206 1.212                                        
   54-             1.219 1.225 1.231 1.238 1.244 1.25                                        
   55-             1.257 1.263 1.269 1.276 1.282 1.289                                       
   56-             1.295 1.301 1.308 1.314 1.32 1.327                                        
   57-             1.333 1.339 1.346 1.352 1.358 1.365                                       
   58-             1.371 1.377 1.384 1.39 1.396 1.403                                        
   59-             1.409 1.415 1.422 1.428 1.434 1.441                                       
   60-             1.447 1.453 1.46 1.466 1.472 1.479                                        
   61-             1.485 1.491 1.498 1.504 1.51 1.516                                        
   62-             1.523 1.529 1.535 1.542 1.548 1.554                                       
   63-             1.561 1.567 1.573 1.58 1.586 1.592                                        
   64-             1.598 1.605 1.611 1.617 1.624 1.63                                        
   65-             1.636 1.643 1.649 1.655 1.661 1.668                                       
   66-             1.674 1.68 1.687 1.693 1.699 1.705                                        
   67-             1.712 1.718 1.724 1.731 1.737 1.743                                       
   68-             1.749 1.756 1.762 1.768 1.775 1.781                                       
   69-             1.787 1.793 1.8 1.806 1.812 1.818                                         
   70-             1.825 1.831 1.837 1.844 1.85 1.856                                        
   71-             1.862 1.869 1.875 1.881 1.887 1.894                                       
   72-             1.9 1.906 1.913 1.919 1.925 1.931                                         
   73-             1.938 1.944 1.95 1.956 1.963 1.969                                        
   74-             1.975 1.981 1.988 1.994 2 2.006                                           
   75-             2.013 2.019 2.025 2.032 2.038 2.044                                       
   76-             2.05 2.057 2.063 2.069 2.075 2.082                                        
   77-             2.088 2.094 2.1 2.107 2.113 2.119                                         
   78-             2.125 2.132 2.138 2.144 2.15 2.157                                        
   79-             2.163 2.169 2.175 2.182 2.188 2.194                                       
   80-             2.2 2.207 2.213 2.219 2.225 2.232                                         
   81-             2.238 2.244 2.25 2.257 2.263 2.269                                        
   82-             2.275 2.282 2.288 2.294 2.3 2.306                                         
   83-             2.313 2.319 2.325 2.331 2.338 2.344                                       
   84-             2.35 2.356 2.363 2.369 2.375 2.381                                        
   85-             2.388 2.394 2.4 2.406 2.413 2.419                                         
   86-             2.425 2.431 2.438 2.444 2.45 2.456                                        
   87-             2.462 2.469 2.475 2.481 2.487 2.494                                       
   88-             2.5 2.506 2.512 2.519 2.525 2.531                                         
   89-             2.537 2.543 2.55 2.556 2.562 2.568                                        
   90-             2.575 2.581 2.587 2.593 2.6 2.606                                         
   91-             2.612 2.618 2.624 2.631 2.637 2.643                                       
   92-             2.649 2.656 2.662 2.668 2.674 2.681                                       
   93-             2.687 2.693 2.699 2.705 2.712 2.718                                       
   94-             2.724 2.73 2.737 2.743 2.749 2.755                                        
   95-             2.761 2.768 2.774 2.78 2.786 2.793                                        
   96-             2.799 2.805 2.811 2.817 2.824 2.83                                        
   97-             2.836 2.842 2.849 2.855 2.861 2.867                                       
   98-             2.873 2.88 2.886 2.892 2.898 2.905                                        
   99-             2.911 2.917 2.923 2.929 2.936 2.942                                       
  100-             2.948 2.954 2.961 2.967 2.973 2.979                                       
  101-             2.985 2.992 2.998 3.004 3.01 3.017                                        
  102-             3.023 3.029 3.035 3.041 3.048 3.054                                       
  103-             3.06 3.066 3.073 3.079 3.085 3.091                                        
  104-             3.097 3.104 3.11 3.116 3.122 3.128                                        
  105-             3.135 3.141 3.147 3.153 3.16 3.166                                        
  106-             3.172 3.178 3.184 3.191 3.197 3.203                                       
  107-             3.209 3.215 3.222 3.228 3.234 3.24                                        
  108-             3.247 3.253 3.259 3.265 3.271 3.278                                       
  109-             3.284 3.29 3.296 3.302 3.309 3.315                                        
  110-             3.321 3.327 3.333 3.34 3.346 3.352                                        
  111-             3.358 3.365 3.371 3.377 3.383 3.389                                       
  112-             3.396 3.402 3.408 3.414 3.42 3.427                                        
  113-             3.433 3.439 3.445 3.451 3.458 3.464                                       
  114-             3.47 3.476 3.483 3.489 3.495 3.501                                        
  115-             3.507 3.514 3.52 3.526 3.532 3.538                                        
  116-             3.545 3.551 3.557 3.563 3.569 3.576                                       
  117-             3.582 3.588 3.594 3.6 3.607 3.613                                         
  118-             3.619 3.625 3.632 3.638 3.644 3.65                                        
  119-             3.656 3.663 3.669 3.675 3.681 3.687                                       
  120-             3.694 3.7 3.706 3.712 3.718 3.725                                         
  121-             3.731 3.737 3.743 3.749 3.756 3.762                                       
  122-             3.768 3.774 3.78 3.787 3.793 3.799                                        
  123-             3.805 3.811 3.818 3.824 3.83 3.836                                        
  124-             3.843 3.849 3.855 3.861 3.867 3.874                                       
  125-             3.88 3.886 3.892 3.898 3.905 3.911                                        
  126-             3.917 3.923 3.929 3.936 3.942 3.948                                       
  127-             3.954 3.96 3.967 3.973 3.979 3.985                                        
  128-             3.991 3.998 4.004 4.01 4.016 4.022                                        
  129-             4.029 4.035 4.041 4.047 4.053 4.06                                        
  130-             4.066 4.072 4.078 4.084 4.091 4.097                                       
  131-             4.103 4.109 4.115 4.122 4.128 4.134                                       
  132-             4.14 4.146 4.153 4.159 4.165 4.171                                        
  133-             4.177 4.184 4.19 4.196 4.202 4.208                                        
  134-             4.215 4.221 4.227 4.233 4.239 4.246                                       
  135-             4.252 4.258 4.264 4.27 4.277 4.283                                        
  136-             4.289 4.295 4.301 4.308 4.314 4.32                                        
  137-             4.326 4.332 4.339 4.345 4.351 4.357                                       
  138-             4.363 4.37 4.376 4.382 4.388 4.394                                        
  139-             4.401 4.407 4.413 4.419 4.425 4.432                                       
  140-             4.438 4.444 4.45 4.456 4.463 4.469                                        
  141-             4.475 4.481 4.487 4.494 4.5 4.506                                         
  142-             4.512 4.518 4.525 4.531 4.537 4.543                                       
  143-             4.549 4.556 4.562 4.568 4.574 4.58                                        
  144-             4.587 4.593 4.599 4.605 4.611 4.618                                       
  145-             4.624 4.63 4.636 4.642 4.649 4.655                                        
  146-             4.661 4.667 4.673 4.68 4.686 4.692                                        
  147-             4.698 4.704 4.71 4.717 4.723 4.729                                        
  148-             4.735 4.741 4.748 4.754 4.76 4.766                                        
  149-             4.772 4.779 4.785 4.791                                                   
  150-       SP1 D 0 0.00E+00 0.00E+00 2.66E-01 9.28E+00 8.38E+00 3.50E+00                   
  151-             1.83E-01 1.09E-01 3.01E+00 6.16E+00 6.61E+00 4.14E+00                     
  152-             1.56E+00 5.95E-01 3.37E-01 3.95E-01 4.75E-01 4.46E-01                     
  153-             3.90E-01 3.35E-01 2.92E-01 2.47E-01 1.94E-01 1.37E-01                     
  154-             1.02E-01 1.09E-01 1.61E-01 2.43E-01 3.31E-01 4.11E-01                     
  155-             4.80E-01 5.57E-01 6.74E-01 8.47E-01 1.05E+00 1.21E+00                     
  156-             1.29E+00 1.31E+00 1.30E+00 1.27E+00 1.23E+00 1.13E+00                     
  157-             9.77E-01 7.98E-01 6.33E-01 5.01E-01 4.09E-01 3.56E-01                     
  158-             3.05E-01 2.71E-01 2.62E-01 2.71E-01 3.11E-01 3.33E-01                     
  159-             3.39E-01 3.28E-01 3.05E-01 2.71E-01 2.32E-01 1.90E-01                     
  160-             1.50E-01 1.17E-01 9.10E-02 7.36E-02 6.40E-02 6.12E-02                     
  161-             6.33E-02 6.82E-02 7.46E-02 8.12E-02 8.70E-02 9.21E-02                     
  162-             9.60E-02 9.89E-02 1.00E-01 9.98E-02 9.77E-02 9.38E-02                     
  163-             8.81E-02 8.15E-02 7.42E-02 6.70E-02 6.08E-02 5.57E-02                     
  164-             5.22E-02 4.97E-02 4.84E-02 4.76E-02 4.71E-02 4.69E-02                     
  165-             4.75E-02 4.92E-02 5.22E-02 5.59E-02 6.05E-02 6.53E-02                     
  166-             7.10E-02 7.78E-02 8.51E-02 9.28E-02 9.96E-02 1.05E-01                     
  167-             1.10E-01 1.14E-01 1.16E-01 1.17E-01 1.17E-01 1.16E-01                     
  168-             1.14E-01 1.10E-01 1.06E-01 1.01E-01 9.57E-02 8.96E-02                     
  169-             8.32E-02 7.68E-02 7.06E-02 6.48E-02 5.93E-02 5.46E-02                     
  170-             5.07E-02 4.75E-02 4.52E-02 4.35E-02 4.27E-02 4.24E-02                     
  171-             4.27E-02 4.35E-02 4.46E-02 4.60E-02 4.73E-02 4.86E-02                     
  172-             4.97E-02 5.07E-02 5.14E-02 5.20E-02 5.22E-02 5.20E-02                     
  173-             5.18E-02 5.12E-02 5.07E-02 4.99E-02 4.90E-02 4.80E-02                     
  174-             4.69E-02 4.58E-02 4.48E-02 4.39E-02 4.29E-02 4.22E-02                     
  175-             4.14E-02 4.07E-02 4.01E-02 3.97E-02 3.94E-02 3.92E-02                     
  176-             3.90E-02 3.90E-02 3.92E-02 3.94E-02 3.95E-02 3.99E-02                     
  177-             4.05E-02 4.09E-02 4.14E-02 4.20E-02 4.26E-02 4.31E-02                     
  178-             4.39E-02 4.44E-02 4.50E-02 4.58E-02 4.63E-02 4.69E-02                     
  179-             4.75E-02 4.78E-02 4.84E-02 4.88E-02 4.92E-02 4.93E-02                     
  180-             4.97E-02 4.99E-02 5.01E-02 5.03E-02 5.05E-02 5.07E-02                     
  181-             5.08E-02 5.08E-02 5.10E-02 5.10E-02 5.10E-02 5.10E-02                     
  182-             5.10E-02 5.08E-02 5.08E-02 5.07E-02 5.07E-02 5.05E-02                     
  183-             5.05E-02 5.03E-02 5.01E-02 4.99E-02 4.97E-02 4.95E-02                     
  184-             4.93E-02 4.92E-02 4.90E-02 4.86E-02 4.84E-02 4.80E-02                     
  185-             4.78E-02 4.75E-02 4.71E-02 4.67E-02 4.65E-02 4.61E-02                     
  186-             4.58E-02 4.54E-02 4.50E-02 4.46E-02 4.43E-02 4.39E-02                     
  187-             4.35E-02 4.31E-02 4.27E-02 4.24E-02 4.20E-02 4.16E-02                     
  188-             4.12E-02 4.09E-02 4.05E-02 4.01E-02 3.97E-02 3.94E-02                     
  189-             3.90E-02 3.88E-02 3.84E-02 3.80E-02 3.77E-02 3.75E-02                     
  190-             3.71E-02 3.69E-02 3.65E-02 3.63E-02 3.60E-02 3.58E-02                     
  191-             3.56E-02 3.52E-02 3.50E-02 3.48E-02 3.47E-02 3.45E-02                     
  192-             3.45E-02 3.43E-02 3.41E-02 3.41E-02 3.39E-02 3.39E-02                     
  193-             3.37E-02 3.37E-02 3.37E-02 3.37E-02 3.37E-02 3.37E-02                     
  194-             3.37E-02 3.37E-02 3.37E-02 3.39E-02 3.39E-02 3.41E-02                     
  195-             3.41E-02 3.43E-02 3.43E-02 3.45E-02 3.45E-02 3.47E-02                     
  196-             3.48E-02 3.50E-02 3.52E-02 3.54E-02 3.54E-02 3.56E-02                     
  197-             3.58E-02 3.62E-02 3.63E-02 3.65E-02 3.67E-02 3.69E-02                     
  198-             3.71E-02 3.75E-02 3.77E-02 3.79E-02 3.82E-02 3.84E-02                     
  199-             3.86E-02 3.90E-02 3.92E-02 3.95E-02 3.97E-02 3.99E-02                     
  200-             4.03E-02 4.05E-02 4.07E-02 4.09E-02 4.12E-02 4.14E-02                     
  201-             4.16E-02 4.18E-02 4.20E-02 4.22E-02 4.24E-02 4.26E-02                     
  202-             4.27E-02 4.29E-02 4.31E-02 4.33E-02 4.35E-02 4.37E-02                     
  203-             4.37E-02 4.39E-02 4.41E-02 4.43E-02 4.43E-02 4.44E-02                     
  204-             4.44E-02 4.46E-02 4.48E-02 4.48E-02 4.50E-02 4.50E-02                     
  205-             4.50E-02 4.52E-02 4.52E-02 4.52E-02 4.54E-02 4.54E-02                     
  206-             4.54E-02 4.56E-02 4.56E-02 4.56E-02 4.56E-02 4.56E-02                     
  207-             4.56E-02 4.58E-02 4.58E-02 4.58E-02 4.58E-02 4.58E-02                     
  208-             4.58E-02 4.58E-02 4.58E-02 4.58E-02 4.58E-02 4.60E-02                     
  209-             4.60E-02 4.60E-02 4.60E-02 4.60E-02 4.60E-02 4.60E-02                     
  210-             4.60E-02 4.60E-02 4.60E-02 4.61E-02 4.61E-02 4.61E-02                     
  211-             4.61E-02 4.61E-02 4.61E-02 4.63E-02 4.63E-02 4.63E-02                     
  212-             4.65E-02 4.65E-02 4.65E-02 4.67E-02 4.67E-02 4.67E-02                     
  213-             4.69E-02 4.69E-02 4.71E-02 4.71E-02 4.73E-02 4.73E-02                     
  214-             4.75E-02 4.76E-02 4.76E-02 4.78E-02 4.78E-02 4.80E-02                     
  215-             4.82E-02 4.84E-02 4.84E-02 4.86E-02 4.88E-02 4.90E-02                     
  216-             4.90E-02 4.92E-02 4.93E-02 4.95E-02 4.97E-02 4.99E-02                     
  217-             5.01E-02 5.03E-02 5.05E-02 5.07E-02 5.08E-02 5.10E-02                     
  218-             5.12E-02 5.14E-02 5.16E-02 5.18E-02 5.20E-02 5.22E-02                     
  219-             5.24E-02 5.25E-02 5.27E-02 5.29E-02 5.31E-02 5.33E-02                     
  220-             5.37E-02 5.39E-02 5.40E-02 5.42E-02 5.44E-02 5.46E-02                     
  221-             5.48E-02 5.50E-02 5.52E-02 5.54E-02 5.56E-02 5.57E-02                     
  222-             5.57E-02 5.59E-02 5.61E-02 5.63E-02 5.63E-02 5.65E-02                     
  223-             5.67E-02 5.67E-02 5.69E-02 5.69E-02 5.71E-02 5.73E-02                     
  224-             5.73E-02 5.74E-02 5.74E-02 5.74E-02 5.76E-02 5.76E-02                     
  225-             5.76E-02 5.78E-02 5.78E-02 5.78E-02 5.78E-02 5.78E-02                     
  226-             5.78E-02 5.78E-02 5.78E-02 5.78E-02 5.78E-02 5.78E-02                     
  227-             5.78E-02 5.78E-02 5.76E-02 5.76E-02 5.74E-02 5.74E-02                     
  228-             5.73E-02 5.71E-02 5.71E-02 5.69E-02 5.67E-02 5.67E-02                     
  229-             5.65E-02 5.63E-02 5.61E-02 5.59E-02 5.57E-02 5.56E-02                     
  230-             5.54E-02 5.52E-02 5.50E-02 5.48E-02 5.44E-02 5.42E-02                     
  231-             5.40E-02 5.37E-02 5.35E-02 5.33E-02 5.29E-02 5.27E-02                     
  232-             5.24E-02 5.20E-02 5.18E-02 5.14E-02 5.10E-02 5.07E-02                     
  233-             5.05E-02 5.01E-02 4.97E-02 4.93E-02 4.90E-02 4.86E-02                     
  234-             4.82E-02 4.78E-02 4.73E-02 4.69E-02 4.65E-02 4.61E-02                     
  235-             4.58E-02 4.52E-02 4.48E-02 4.44E-02 4.39E-02 4.35E-02                     
  236-             4.31E-02 4.26E-02 4.22E-02 4.18E-02 4.14E-02 4.09E-02                     
  237-             4.05E-02 4.01E-02 3.97E-02 3.94E-02 3.90E-02 3.86E-02                     
  238-             3.84E-02 3.80E-02 3.77E-02 3.75E-02 3.71E-02 3.69E-02                     
  239-             3.65E-02 3.63E-02 3.62E-02 3.60E-02 3.58E-02 3.56E-02                     
  240-             3.54E-02 3.52E-02 3.52E-02 3.50E-02 3.48E-02 3.48E-02                     
  241-             3.47E-02 3.45E-02 3.45E-02 3.43E-02 3.43E-02 3.41E-02                     
  242-             3.39E-02 3.39E-02 3.37E-02 3.35E-02 3.33E-02 3.31E-02                     
  243-             3.30E-02 3.26E-02 3.24E-02 3.20E-02 3.16E-02 3.13E-02                     
  244-             3.07E-02 3.03E-02 2.98E-02 2.92E-02 2.86E-02 2.81E-02                     
  245-             2.73E-02 2.67E-02 2.60E-02 2.50E-02 2.43E-02 2.35E-02                     
  246-             2.26E-02 2.17E-02 2.07E-02 1.98E-02 1.88E-02 1.77E-02                     
  247-             1.67E-02 1.56E-02 1.46E-02 1.35E-02 1.24E-02 1.13E-02                     
  248-             1.02E-02 9.08E-03 7.98E-03 6.87E-03 5.76E-03 4.65E-03                     
  249-             3.56E-03 2.47E-03 1.36E-03 2.73E-04 0.00E+00 0.00E+00                     
  250-             0.00E+00 0.00E+00 0.00E+00 0.00E+00 0.00E+00 0.00E+00                     
  251-             0.00E+00 0.00E+00 0.00E+00 0.00E+00 0.00E+00 0.00E+00                     
  252-             0.00E+00 0.00E+00 0.00E+00 0.00E+00 0.00E+00 0.00E+00                     
  253-             0.00E+00 0.00E+00 0.00E+00 0.00E+00 0.00E+00 0.00E+00                     
  254-             0.00E+00 0.00E+00 0.00E+00 0.00E+00 0.00E+00 0.00E+00                     
  255-             0.00E+00 0.00E+00 0.00E+00 0.00E+00 0.00E+00 0.00E+00                     
  256-             0.00E+00 0.00E+00 0.00E+00 0.00E+00 0.00E+00 0.00E+00                     
  257-             0.00E+00 1.29E-03 5.01E-03 8.89E-03 1.29E-02 1.71E-02                     
  258-             2.15E-02 3.13E-02 4.80E-02 7.34E-02 1.07E-01 1.46E-01                     
  259-             1.92E-01 2.45E-01 3.01E-01 3.60E-01 4.22E-01 4.84E-01                     
  260-             5.42E-01 6.01E-01 6.52E-01 6.99E-01 7.38E-01 7.70E-01                     
  261-             7.97E-01 8.14E-01 8.25E-01 8.27E-01 8.25E-01 8.15E-01                     
  262-             8.00E-01 7.83E-01 7.61E-01 7.36E-01 7.10E-01 6.82E-01                     
  263-             6.52E-01 6.21E-01 5.91E-01 5.59E-01 5.29E-01 4.97E-01                     
  264-             4.67E-01 4.35E-01 4.03E-01 3.71E-01 3.37E-01 3.05E-01                     
  265-             2.71E-01 2.39E-01 2.09E-01 1.81E-01 1.56E-01 1.34E-01                     
  266-             1.15E-01 9.98E-02 8.81E-02 7.97E-02 7.38E-02 6.99E-02                     
  267-             6.72E-02 6.55E-02 6.42E-02 6.29E-02 6.14E-02 5.93E-02                     
  268-             5.71E-02 5.44E-02 5.14E-02 4.84E-02 4.54E-02 4.24E-02                     
  269-             3.94E-02 3.65E-02 3.39E-02 3.13E-02 2.88E-02 2.66E-02                     
  270-             2.43E-02 2.20E-02 1.98E-02 1.78E-02 1.58E-02 1.39E-02                     
  271-             1.21E-02 1.04E-02 8.83E-03 7.33E-03 5.91E-03 4.61E-03                     
  272-             3.41E-03 2.30E-03 1.29E-03                                                
  273-       E0    1.00e-09 1.26e-09 1.58e-09 2.00e-09 2.51e-09 3.16e-09                     
  274-             3.98e-09 5.01e-09 6.31e-09 7.94e-09 1.00e-08 1.26e-08                     
  275-             1.58e-08 2.00e-08 2.51e-08 3.16e-08 3.98e-08 5.01e-08                     
  276-             6.31e-08 7.94e-08 1.00e-07 1.26e-07 1.58e-07 2.00e-07                     
  277-             2.51e-07 3.16e-07 3.98e-07 5.01e-07 6.31e-07 7.94e-07                     
  278-             1.00e-06 1.26e-06 1.58e-06 2.00e-06 2.51e-06 3.16e-06                     
  279-             3.98e-06 5.01e-06 6.31e-06 7.94e-06 1.00e-05 1.26e-05                     
  280-             1.58e-05 2.00e-05 2.51e-05 3.16e-05 3.98e-05 5.01e-05                     
  281-             6.31e-05 7.94e-05 1.00e-04 1.26e-04 1.58e-04 2.00e-04                     
  282-             2.51e-04 3.16e-04 3.98e-04 5.01e-04 6.31e-04 7.94e-04                     
  283-             1.00e-03 1.26e-03 1.58e-03 2.00e-03 2.51e-03 3.16e-03                     
  284-             3.98e-03 5.01e-03 6.31e-03 7.94e-03 1.00e-02 1.26e-02                     
  285-             1.58e-02 2.00e-02 2.51e-02 3.16e-02 3.98e-02 5.01e-02                     
  286-             6.31e-02 7.94e-02 1.00e-01 1.26e-01 1.58e-01 2.00e-01                     
  287-             2.51e-01 3.16e-01 3.98e-01 5.01e-01 6.31e-01 7.94e-01                     
  288-             1.00e+00 1.26e+00 1.58e+00 2.00e+00 2.51e+00 3.16e+00                     
  289-             3.98e+00 5.01e+00 6.31e+00 7.94e+00 1.00e+01 1.26e+01                     
  290-             1.58e+01                                                                  
  291-       F4:P 3                                                                          
  292-       F24:P 4                                                                         
  293-       F44:P 5                                                                         
  294-       M1 1001 -0.143716 6000 -0.856284 $ hydrogen and carbon                          
  295-       nps 1000000000                                                                  
 
 warning.    61 energy bins of tally   4 are below energy cutoff.
1cells                                                                                                  print table 60

                      atom        gram                                     neutron    photon     photon wt             
        cell  mat    density     density     volume       mass     pieces importance importance generation             

     1     1    1  1.19790E-01 9.30000E-01 9.04779E-01 8.41444E-01     1  1.0000E+00 1.0000E+00 -1.000E+00             
     2     2    0  0.00000E+00 0.00000E+00 0.00000E+00 0.00000E+00     0  1.0000E+00 1.0000E+00 -1.000E+00             
     3     3    0  0.00000E+00 0.00000E+00 2.70000E+01 0.00000E+00     0  1.0000E+00 1.0000E+00 -1.000E+00             
     4     4    0  0.00000E+00 0.00000E+00 2.70000E+01 0.00000E+00     0  1.0000E+00 1.0000E+00 -1.000E+00             
     5     5    0  0.00000E+00 0.00000E+00 2.70000E+01 0.00000E+00     0  1.0000E+00 1.0000E+00 -1.000E+00             
     6     6    0  0.00000E+00 0.00000E+00 0.00000E+00 0.00000E+00     0  0.0000E+00 0.0000E+00 -1.000E+00             

 total                                     8.19048E+01 8.41444E-01

    minimum source weight = 1.0000E+00    maximum source weight = 1.0000E+00

          1 warning message so far.
1cross-section tables                                                                                   print table 100

     table    length

                        tables from file endf601                                                         

   1001.60c    2525  1-h-1 from endf-vi.1                                                         mat 125      11/25/93
   6000.60c   19941  6-c-nat from endf-vi.1                                                       mat 600      11/25/93

                        tables from file mcplib02                                                        

   1000.02p     623                                                                                            01/15/93
   6000.02p     623                                                                                            01/15/93

  total       23712

 maximum photon energy set to  100.0 mev (maximum electron energy)

                        tables from file el1                                                             

   1000.01e     478                                                                                          11/16/88  
   6000.01e     478                                                                                          11/16/88  





 decimal words of dynamically allocated storage

     general              35734
     tallies              11684
     bank                  4202
     cross sections       23712

     total                70457     =      563656 bytes

     available (mdas)   4000000

 ***********************************************************************************************************************
 dump no.    1 on file runtpe       nps =         0     coll =              0     ctm =    0.00     nrn =              0


          1 warning message so far.
1problem summary                                                                                                       

      run terminated when1000000000 particle histories were done.
+                                                                                                                      
      Polyethylene sphere                                                                  probid =                    
0
 neutron creation    tracks      weight        energy            neutron loss        tracks      weight        energy
                                 (per source particle)                                           (per source particle)

 source          1000000000    1.0000E+00    1.5007E+00          escape          1000000000    9.9999E-01    1.3979E+00
                                                                 energy cutoff            0    0.            0.        
                                                                 time cutoff              0    0.            0.        
 weight window            0    0.            0.                  weight window            0    0.            0.        
 cell importance          0    0.            0.                  cell importance          0    0.            0.        
 weight cutoff            0    0.            0.                  weight cutoff            0    0.            0.        
 energy importance        0    0.            0.                  energy importance        0    0.            0.        
 dxtran                   0    0.            0.                  dxtran                   0    0.            0.        
 forced collisions        0    0.            0.                  forced collisions        0    0.            0.        
 exp. transform           0    0.            0.                  exp. transform           0    0.            0.        
 upscattering             0    0.            1.0767E-12          downscattering           0    0.            1.0279E-01
                                                                 capture                  0    7.1583E-06    3.3133E-06
 (n,xn)                   0    0.            0.                  loss to (n,xn)           0    0.            0.        
 fission                  0    0.            0.                  loss to fission          0    0.            0.        
     total       1000000000    1.0000E+00    1.5007E+00              total       1000000000    1.0000E+00    1.5007E+00

   number of neutrons banked                       0        average time of (shakes)              cutoffs
   neutron tracks per source particle     1.0000E+00          escape            8.0824E+00          tco   1.0000+120
   neutron collisions per source particle 4.7053E-01          capture           2.2754E+01          eco   0.0000E+00
   total neutron collisions                470532922          capture or escape 8.0825E+00          wc1  -5.0000E-01
   net multiplication              1.0000E+00 0.0000          any termination   8.0825E+00          wc2  -2.5000E-01
0
 photon creation     tracks      weight        energy            photon loss         tracks      weight        energy
                                 (per source particle)                                           (per source particle)

 source                   0    0.            0.                  escape                7135    7.1350E-06    1.7839E-05
                                                                 energy cutoff            0    0.            0.        
                                                                 time cutoff              0    0.            0.        
 weight window            0    0.            0.                  weight window            0    0.            0.        
 cell importance          0    0.            0.                  cell importance          0    0.            0.        
 weight cutoff            0    0.            0.                  weight cutoff            0    0.            0.        
 energy importance        0    0.            0.                  energy importance        0    0.            0.        
 dxtran                   0    0.            0.                  dxtran                   0    0.            0.        
 forced collisions        0    0.            0.                  forced collisions        0    0.            0.        
 exp. transform           0    0.            0.                  exp. transform           0    0.            0.        
 from neutrons         7126    7.1260E-06    1.8063E-05          compton scatter          0    0.            2.2301E-07
 bremsstrahlung          13    1.3000E-08    8.0252E-10          capture                  5    5.0000E-09    1.0027E-11
 p-annihilation           2    2.0000E-09    1.0220E-09          pair production          1    1.0000E-09    2.2246E-09
 electron x-rays          0    0.            0.                                                                        
 1st fluorescence         0    0.            0.                                                                        
 2nd fluorescence         0    0.            0.                                                                        
     total             7141    7.1410E-06    1.8064E-05              total             7141    7.1410E-06    1.8064E-05

   number of photons banked                     7140        average time of (shakes)              cutoffs
   photon tracks per source particle      7.1410E-06          escape            2.2667E+01          tco   1.0000+120
   photon collisions per source particle  1.7600E-07          capture           1.3527E+00          eco   1.0000E-03
   total photon collisions                       176          capture or escape 2.2652E+01          wc1  -5.0000E-01
                                                              any termination   2.2649E+01          wc2  -2.5000E-01

 computer time so far in this run     0.00 minutes            maximum number ever in bank         2
 computer time in mcrun               0.00 minutes            bank overflows to backup file       0
 source particles per minute            6.0000E+10            dynamic storage     70461 words,     563688 bytes.
 random numbers generated              11699861594            most random numbers used was      583 in history850177088
 
 warning.  random number period exceeded.  decrease stride.

 range of sampled source weights = 1.0000E+00 to 1.0000E+00
1neutron  activity in each cell                                                                         print table 126

                 tracks     population   collisions   collisions     number        flux        average      average
        cell    entering                               * weight     weighted     weighted   track weight   track mfp
                                                    (per history)    energy       energy     (relative)      (cm)

     1     1  1000000000   1000000000    470532922    4.7053E-01   2.9722E-01   1.3907E+00   1.0000E+00   2.1474E+00
     2     2  1335112756   1000000000            0    0.0000E+00   2.5078E-01   1.3971E+00   9.9999E-01   0.0000E+00
     3     3   330820327    330820327            0    0.0000E+00   2.4640E-01   1.3910E+00   9.9999E-01   0.0000E+00
     4     4     3150445      3150445            0    0.0000E+00   2.4956E-01   1.3976E+00   9.9999E-01   0.0000E+00
     5     5     1141984      1141984            0    0.0000E+00   2.4835E-01   1.3986E+00   9.9999E-01   0.0000E+00

     total    2670225512   2335112756    470532922    4.7053E-01
1photon   activity in each cell                                                                         print table 126

                 tracks     population   collisions   collisions     number        flux        average      average
        cell    entering                               * weight     weighted     weighted   track weight   track mfp
                                                    (per history)    energy       energy     (relative)      (cm)

     1     1           0         7140          176    1.7600E-07   2.5175E+00   2.5175E+00   1.0000E+00   2.3853E+01
     2     2        9518         7135            0    0.0000E+00   2.5002E+00   2.5002E+00   1.0000E+00   0.0000E+00
     3     3        2345         2345            0    0.0000E+00   2.4883E+00   2.4883E+00   1.0000E+00   0.0000E+00
     4     4          24           24            0    0.0000E+00   2.3470E+00   2.3470E+00   1.0000E+00   0.0000E+00
     5     5          14           14            0    0.0000E+00   2.3620E+00   2.3620E+00   1.0000E+00   0.0000E+00

     total         11901        16658          176    1.7600E-07
1summary of photons produced in neutron collisions

        cell      number of      weight per     energy per     avg photon      mev/gm per    weight/neut    energy/neut
                   photons       source neut    source neut      energy       source neut     collision      collision

     1     1          7126       7.12600E-06    1.80625E-05    2.53474E+00    2.14661E-05    1.51447E-05    3.83878E-05
     2     2             0       0.00000E+00    0.00000E+00    0.00000E+00    0.00000E+00    0.00000E+00    0.00000E+00
     3     3             0       0.00000E+00    0.00000E+00    0.00000E+00    0.00000E+00    0.00000E+00    0.00000E+00
     4     4             0       0.00000E+00    0.00000E+00    0.00000E+00    0.00000E+00    0.00000E+00    0.00000E+00
     5     5             0       0.00000E+00    0.00000E+00    0.00000E+00    0.00000E+00    0.00000E+00    0.00000E+00
     6     6             0       0.00000E+00    0.00000E+00    0.00000E+00    0.00000E+00    0.00000E+00    0.00000E+00
       total          7126       7.12600E-06    1.80625E-05    2.53474E+00



  energy      number of        number       cum number      weight of       weight       cum weight
 interval      photons        frequency    distribution      photons       frequency    distribution
 
   20.000             0      0.00000E+00    0.00000E+00    0.00000E+00    0.00000E+00    0.00000E+00
   15.000             0      0.00000E+00    0.00000E+00    0.00000E+00    0.00000E+00    0.00000E+00
   10.000             0      0.00000E+00    0.00000E+00    0.00000E+00    0.00000E+00    0.00000E+00
    9.000            53      7.43755E-03    7.43755E-03    5.30000E-08    7.43755E-03    7.43755E-03
    8.000            36      5.05192E-03    1.24895E-02    3.60000E-08    5.05192E-03    1.24895E-02
    7.000             9      1.26298E-03    1.37525E-02    9.00000E-09    1.26298E-03    1.37525E-02
    6.000             5      7.01656E-04    1.44541E-02    5.00000E-09    7.01656E-04    1.44541E-02
    5.000            49      6.87623E-03    2.13303E-02    4.90000E-08    6.87623E-03    2.13303E-02
    4.000           346      4.85546E-02    6.98849E-02    3.46000E-07    4.85546E-02    6.98849E-02
    3.000           299      4.19590E-02    1.11844E-01    2.99000E-07    4.19590E-02    1.11844E-01
    2.000          6314      8.86051E-01    9.97895E-01    6.31400E-06    8.86051E-01    9.97895E-01
    1.000            15      2.10497E-03    1.00000E+00    1.50000E-08    2.10497E-03    1.00000E+00
    0.500             0      0.00000E+00    1.00000E+00    0.00000E+00    0.00000E+00    1.00000E+00
    0.100             0      0.00000E+00    1.00000E+00    0.00000E+00    0.00000E+00    1.00000E+00
    0.010             0      0.00000E+00    1.00000E+00    0.00000E+00    0.00000E+00    1.00000E+00
    0.000             0      0.00000E+00    1.00000E+00    0.00000E+00    0.00000E+00    1.00000E+00

   total           7126      1.00000E+00                   7.12600E-06    1.00000E+00
1tally   4        nps =*********
           tally type 4    track length estimate of particle flux.      units   1/cm**2   
           tally for  photons  

           volumes 
                   cell:       3                                                                                   
                         2.70000E+01
 
 cell  3                                                                                                               
      energy
    1.0000E-09   0.00000E+00 0.0000
    1.2600E-09   0.00000E+00 0.0000
    1.5800E-09   0.00000E+00 0.0000
    2.0000E-09   0.00000E+00 0.0000
    2.5100E-09   0.00000E+00 0.0000
    3.1600E-09   0.00000E+00 0.0000
    3.9800E-09   0.00000E+00 0.0000
    5.0100E-09   0.00000E+00 0.0000
    6.3100E-09   0.00000E+00 0.0000
    7.9400E-09   0.00000E+00 0.0000
    1.0000E-08   0.00000E+00 0.0000
    1.2600E-08   0.00000E+00 0.0000
    1.5800E-08   0.00000E+00 0.0000
    2.0000E-08   0.00000E+00 0.0000
    2.5100E-08   0.00000E+00 0.0000
    3.1600E-08   0.00000E+00 0.0000
    3.9800E-08   0.00000E+00 0.0000
    5.0100E-08   0.00000E+00 0.0000
    6.3100E-08   0.00000E+00 0.0000
    7.9400E-08   0.00000E+00 0.0000
    1.0000E-07   0.00000E+00 0.0000
    1.2600E-07   0.00000E+00 0.0000
    1.5800E-07   0.00000E+00 0.0000
    2.0000E-07   0.00000E+00 0.0000
    2.5100E-07   0.00000E+00 0.0000
    3.1600E-07   0.00000E+00 0.0000
    3.9800E-07   0.00000E+00 0.0000
    5.0100E-07   0.00000E+00 0.0000
    6.3100E-07   0.00000E+00 0.0000
    7.9400E-07   0.00000E+00 0.0000
    1.0000E-06   0.00000E+00 0.0000
    1.2600E-06   0.00000E+00 0.0000
    1.5800E-06   0.00000E+00 0.0000
    2.0000E-06   0.00000E+00 0.0000
    2.5100E-06   0.00000E+00 0.0000
    3.1600E-06   0.00000E+00 0.0000
    3.9800E-06   0.00000E+00 0.0000
    5.0100E-06   0.00000E+00 0.0000
    6.3100E-06   0.00000E+00 0.0000
    7.9400E-06   0.00000E+00 0.0000
    1.0000E-05   0.00000E+00 0.0000
    1.2600E-05   0.00000E+00 0.0000
    1.5800E-05   0.00000E+00 0.0000
    2.0000E-05   0.00000E+00 0.0000
    2.5100E-05   0.00000E+00 0.0000
    3.1600E-05   0.00000E+00 0.0000
    3.9800E-05   0.00000E+00 0.0000
    5.0100E-05   0.00000E+00 0.0000
    6.3100E-05   0.00000E+00 0.0000
    7.9400E-05   0.00000E+00 0.0000
    1.0000E-04   0.00000E+00 0.0000
    1.2600E-04   0.00000E+00 0.0000
    1.5800E-04   0.00000E+00 0.0000
    2.0000E-04   0.00000E+00 0.0000
    2.5100E-04   0.00000E+00 0.0000
    3.1600E-04   0.00000E+00 0.0000
    3.9800E-04   0.00000E+00 0.0000
    5.0100E-04   0.00000E+00 0.0000
    6.3100E-04   0.00000E+00 0.0000
    7.9400E-04   0.00000E+00 0.0000
    1.0000E-03   0.00000E+00 0.0000
    1.2600E-03   0.00000E+00 0.0000
    1.5800E-03   0.00000E+00 0.0000
    2.0000E-03   0.00000E+00 0.0000
    2.5100E-03   0.00000E+00 0.0000
    3.1600E-03   0.00000E+00 0.0000
    3.9800E-03   0.00000E+00 0.0000
    5.0100E-03   0.00000E+00 0.0000
    6.3100E-03   0.00000E+00 0.0000
    7.9400E-03   0.00000E+00 0.0000
    1.0000E-02   0.00000E+00 0.0000
    1.2600E-02   0.00000E+00 0.0000
    1.5800E-02   5.57145E-11 1.0000
    2.0000E-02   5.45926E-11 1.0000
    2.5100E-02   0.00000E+00 0.0000
    3.1600E-02   1.21669E-10 1.0000
    3.9800E-02   0.00000E+00 0.0000
    5.0100E-02   0.00000E+00 0.0000
    6.3100E-02   0.00000E+00 0.0000
    7.9400E-02   0.00000E+00 0.0000
    1.0000E-01   0.00000E+00 0.0000
    1.2600E-01   0.00000E+00 0.0000
    1.5800E-01   0.00000E+00 0.0000
    2.0000E-01   0.00000E+00 0.0000
    2.5100E-01   1.96181E-10 0.6092
    3.1600E-01   1.69296E-10 0.6342
    3.9800E-01   4.07925E-10 0.4372
    5.0100E-01   2.63382E-10 0.5404
    6.3100E-01   5.19763E-10 0.4498
    7.9400E-01   6.49563E-10 0.3916
    1.0000E+00   1.45215E-10 0.8378
    1.2600E+00   3.48514E-10 0.5409
    1.5800E+00   6.63745E-10 0.3634
    2.0000E+00   6.63430E-10 0.3258
    2.5100E+00   1.18121E-07 0.0265
    3.1600E+00   2.43452E-09 0.1814
    3.9800E+00   5.37269E-09 0.1264
    5.0100E+00   5.74074E-09 0.1205
    6.3100E+00   1.00600E-09 0.2872
    7.9400E+00   4.90960E-10 0.3791
    1.0000E+01   1.74992E-09 0.2078
    1.2600E+01   0.00000E+00 0.0000
    1.5800E+01   0.00000E+00 0.0000
      total      1.39175E-07 0.0244
1analysis of the results in the tally fluctuation chart bin (tfc) for tally   4 with nps =1000000000    print table 160


 normed average tally per history  = 1.39175E-07          unnormed average tally per history  = 3.75771E-06
 estimated tally relative error    = 0.0244               estimated variance of the variance  = 0.0009
 relative error from zero tallies  = 0.0207               relative error from nonzero scores  = 0.0130

 number of nonzero history tallies =        2343          efficiency for the nonzero tallies  = 0.0000
 history number of largest  tally  =   581988776          largest  unnormalized history tally = 5.61213E+00
 (largest  tally)/(average tally)  = 1.49350E+06          (largest  tally)/(avg nonzero tally)= 3.49927E+00

 (confidence interval shift)/mean  = 0.0003               shifted confidence interval center  = 1.39223E-07


 if the largest  history score sampled so far were to occur on the next history, the tfc bin quantities would change as follows:

      estimated quantities           value at nps           value at nps+1           value(nps+1)/value(nps)-1.

      mean                            1.39175E-07             1.39382E-07                     0.001493
      relative error                  2.44225E-02             2.44316E-02                     0.000374
      variance of the variance        8.78464E-04             8.85811E-04                     0.008364
      shifted center                  1.39223E-07             1.39223E-07                     0.000001
      figure of merit                 0.00000E+00             0.00000E+00                    -0.000748

 the estimated inverse power slope of the 117 largest  tallies starting at 3.23314E+00 is 6.3648
 the empirical history score probability density function appears to be increasing at the largest  history scores: please examine.
 the history score probability density function appears to have an unsampled region at the largest  history scores: please examine.


 ===================================================================================================================================

           results of 10 statistical checks for the estimated answer for the tally fluctuation chart (tfc) bin of tally   4

 tfc bin     --mean--      ---------relative error---------      ----variance of the variance----      --figure of merit--     -pdf-
 behavior    behavior      value   decrease   decrease rate      value   decrease   decrease rate       value     behavior     slope

 desired      random       <0.10      yes      1/sqrt(nps)       <0.10      yes        1/nps           constant    random      >3.00
 observed     random        0.02      yes          yes            0.00      yes         yes            decrease   decrease      6.36
 passed?        yes          yes      yes          yes             yes      yes         yes                no         no         yes

 ===================================================================================================================================


 warning.  the tally in the tally fluctuation chart bin did not pass  2 of the 10 statistical checks.

 fom = (histories/minute)*(f(x) signal-to-noise ratio)**2 = (6.000E+10)*( 0.000E+00)**2 = (6.000E+10)*(0.000E+00) = 0.000E+00
1unnormed tally density for tally   4            nonzero tally mean(m) = 1.604E+00   nps =1000000000    print table 161

 abscissa              ordinate   log plot of tally probability density function in tally fluctuation chart bin(d=decade,slope= 6.4)
  tally  number num den log den:d---------------------------d-----------------------------d----------------------------d------------
 3.98-03      1 1.22-06  -5.913 ****************************|*****************************|****************************|*******     
 5.01-03      1 9.70-07  -6.013 ****************************|*****************************|****************************|****        
 6.31-03      0 0.00+00   0.000                             |                             |                            |            
 7.94-03      3 1.84-06  -5.736 ****************************|*****************************|****************************|************
 1.00-02      1 4.86-07  -6.313 ****************************|*****************************|************************    |            
 1.26-02      1 3.86-07  -6.413 ****************************|*****************************|*********************       |            
 1.58-02      2 6.14-07  -6.212 ****************************|*****************************|*************************** |            
 2.00-02      5 1.22-06  -5.914 ****************************|*****************************|****************************|*******     
 2.51-02      5 9.68-07  -6.014 ****************************|*****************************|****************************|****        
 3.16-02      7 1.08-06  -5.968 ****************************|*****************************|****************************|*****       
 3.98-02      3 3.66-07  -6.436 ****************************|*****************************|********************        |            
 5.01-02      7 6.79-07  -6.168 ****************************|*****************************|****************************|            
 6.31-02     12 9.25-07  -6.034 ****************************|*****************************|****************************|***         
 7.94-02     13 7.96-07  -6.099 ****************************|*****************************|****************************|*           
 1.00-01     13 6.32-07  -6.199 ****************************|*****************************|*************************** |            
 1.26-01     16 6.18-07  -6.209 ****************************|*****************************|*************************** |            
 1.58-01     24 7.36-07  -6.133 ****************************|*****************************|****************************|            
 2.00-01     18 4.39-07  -6.358 ****************************|*****************************|***********************     |            
 2.51-01     31 6.00-07  -6.222 ****************************|*****************************|*************************** |            
 3.16-01     43 6.61-07  -6.180 ****************************|*****************************|****************************|            
 3.98-01     67 8.18-07  -6.087 ****************************|*****************************|****************************|**          
 5.01-01     86 8.34-07  -6.079 ****************************|*****************************|****************************|**          
 6.31-01    100 7.71-07  -6.113 ****************************|*****************************|****************************|*           
 7.94-01    148 9.06-07  -6.043 ****************************|*****************************|****************************|***         
 1.00+00    180 8.75-07  -6.058 ****************************|*****************************|****************************|***         
 1.26+00    248 9.58-07  -6.019 ****************************|*****************************|****************************|****        
 1.58+00    263 8.07-07  -6.093 ****************************|*****************************|****************************|**          
 2.00+00    267 6.51-07  -6.187 mmmmmmmmmmmmmmmmmmmmmmmmmmmm|mmmmmmmmmmmmmmmmmmmmmmmmmmmmm|mmmmmmmmmmmmmmmmmmmmmmmmmmmm|            
 2.51+00    214 4.14-07  -6.383 ****************************|*****************************|**********************      |            
 3.16+00    371 5.70-07  -6.244 ****************************|*****************************|**************************  |            
 3.98+00    192 2.34-07  -6.630 ****************************|*****************************|***************         s   |            
 5.01+00      0 0.00+00   0.000                             |                             |       s                    |            
 6.31+00      1 7.71-10  -9.113 *                           |                    s        |                            |            
  total    2343 2.34-06         d---------------------------d-----------------------------d----------------------------d------------
1tally  24        nps =*********
           tally type 4    track length estimate of particle flux.      units   1/cm**2   
           tally for  photons  

           volumes 
                   cell:       4                                                                                   
                         2.70000E+01
 
 cell  4                                                                                                               
      energy
    1.0000E-09   0.00000E+00 0.0000
    1.2600E-09   0.00000E+00 0.0000
    1.5800E-09   0.00000E+00 0.0000
    2.0000E-09   0.00000E+00 0.0000
    2.5100E-09   0.00000E+00 0.0000
    3.1600E-09   0.00000E+00 0.0000
    3.9800E-09   0.00000E+00 0.0000
    5.0100E-09   0.00000E+00 0.0000
    6.3100E-09   0.00000E+00 0.0000
    7.9400E-09   0.00000E+00 0.0000
    1.0000E-08   0.00000E+00 0.0000
    1.2600E-08   0.00000E+00 0.0000
    1.5800E-08   0.00000E+00 0.0000
    2.0000E-08   0.00000E+00 0.0000
    2.5100E-08   0.00000E+00 0.0000
    3.1600E-08   0.00000E+00 0.0000
    3.9800E-08   0.00000E+00 0.0000
    5.0100E-08   0.00000E+00 0.0000
    6.3100E-08   0.00000E+00 0.0000
    7.9400E-08   0.00000E+00 0.0000
    1.0000E-07   0.00000E+00 0.0000
    1.2600E-07   0.00000E+00 0.0000
    1.5800E-07   0.00000E+00 0.0000
    2.0000E-07   0.00000E+00 0.0000
    2.5100E-07   0.00000E+00 0.0000
    3.1600E-07   0.00000E+00 0.0000
    3.9800E-07   0.00000E+00 0.0000
    5.0100E-07   0.00000E+00 0.0000
    6.3100E-07   0.00000E+00 0.0000
    7.9400E-07   0.00000E+00 0.0000
    1.0000E-06   0.00000E+00 0.0000
    1.2600E-06   0.00000E+00 0.0000
    1.5800E-06   0.00000E+00 0.0000
    2.0000E-06   0.00000E+00 0.0000
    2.5100E-06   0.00000E+00 0.0000
    3.1600E-06   0.00000E+00 0.0000
    3.9800E-06   0.00000E+00 0.0000
    5.0100E-06   0.00000E+00 0.0000
    6.3100E-06   0.00000E+00 0.0000
    7.9400E-06   0.00000E+00 0.0000
    1.0000E-05   0.00000E+00 0.0000
    1.2600E-05   0.00000E+00 0.0000
    1.5800E-05   0.00000E+00 0.0000
    2.0000E-05   0.00000E+00 0.0000
    2.5100E-05   0.00000E+00 0.0000
    3.1600E-05   0.00000E+00 0.0000
    3.9800E-05   0.00000E+00 0.0000
    5.0100E-05   0.00000E+00 0.0000
    6.3100E-05   0.00000E+00 0.0000
    7.9400E-05   0.00000E+00 0.0000
    1.0000E-04   0.00000E+00 0.0000
    1.2600E-04   0.00000E+00 0.0000
    1.5800E-04   0.00000E+00 0.0000
    2.0000E-04   0.00000E+00 0.0000
    2.5100E-04   0.00000E+00 0.0000
    3.1600E-04   0.00000E+00 0.0000
    3.9800E-04   0.00000E+00 0.0000
    5.0100E-04   0.00000E+00 0.0000
    6.3100E-04   0.00000E+00 0.0000
    7.9400E-04   0.00000E+00 0.0000
    1.0000E-03   0.00000E+00 0.0000
    1.2600E-03   0.00000E+00 0.0000
    1.5800E-03   0.00000E+00 0.0000
    2.0000E-03   0.00000E+00 0.0000
    2.5100E-03   0.00000E+00 0.0000
    3.1600E-03   0.00000E+00 0.0000
    3.9800E-03   0.00000E+00 0.0000
    5.0100E-03   0.00000E+00 0.0000
    6.3100E-03   0.00000E+00 0.0000
    7.9400E-03   0.00000E+00 0.0000
    1.0000E-02   0.00000E+00 0.0000
    1.2600E-02   0.00000E+00 0.0000
    1.5800E-02   0.00000E+00 0.0000
    2.0000E-02   0.00000E+00 0.0000
    2.5100E-02   0.00000E+00 0.0000
    3.1600E-02   0.00000E+00 0.0000
    3.9800E-02   0.00000E+00 0.0000
    5.0100E-02   0.00000E+00 0.0000
    6.3100E-02   0.00000E+00 0.0000
    7.9400E-02   0.00000E+00 0.0000
    1.0000E-01   0.00000E+00 0.0000
    1.2600E-01   0.00000E+00 0.0000
    1.5800E-01   0.00000E+00 0.0000
    2.0000E-01   0.00000E+00 0.0000
    2.5100E-01   0.00000E+00 0.0000
    3.1600E-01   0.00000E+00 0.0000
    3.9800E-01   0.00000E+00 0.0000
    5.0100E-01   0.00000E+00 0.0000
    6.3100E-01   0.00000E+00 0.0000
    7.9400E-01   0.00000E+00 0.0000
    1.0000E+00   0.00000E+00 0.0000
    1.2600E+00   0.00000E+00 0.0000
    1.5800E+00   0.00000E+00 0.0000
    2.0000E+00   0.00000E+00 0.0000
    2.5100E+00   2.09940E-09 0.2231
    3.1600E+00   1.20580E-11 1.0000
    3.9800E+00   1.11421E-10 1.0000
    5.0100E+00   0.00000E+00 0.0000
    6.3100E+00   0.00000E+00 0.0000
    7.9400E+00   0.00000E+00 0.0000
    1.0000E+01   0.00000E+00 0.0000
    1.2600E+01   0.00000E+00 0.0000
    1.5800E+01   0.00000E+00 0.0000
      total      2.22288E-09 0.2167
1analysis of the results in the tally fluctuation chart bin (tfc) for tally  24 with nps =1000000000    print table 160


 normed average tally per history  = 2.22288E-09          unnormed average tally per history  = 6.00177E-08
 estimated tally relative error    = 0.2167               estimated variance of the variance  = 0.0505
 relative error from zero tallies  = 0.2041               relative error from nonzero scores  = 0.0727

 number of nonzero history tallies =          24          efficiency for the nonzero tallies  = 0.0000
 history number of largest  tally  =   295607013          largest  unnormalized history tally = 3.01112E+00
 (largest  tally)/(average tally)  = 5.01705E+07          (largest  tally)/(avg nonzero tally)= 1.20409E+00

 (confidence interval shift)/mean  = 0.0242               shifted confidence interval center  = 2.27668E-09


 if the largest  history score sampled so far were to occur on the next history, the tfc bin quantities would change as follows:

      estimated quantities           value at nps           value at nps+1           value(nps+1)/value(nps)-1.

      mean                            2.22288E-09             2.33440E-09                     0.050171
      relative error                  2.16668E-01             2.11776E-01                    -0.022579
      variance of the variance        5.05483E-02             4.81242E-02                    -0.047956
      shifted center                  2.27668E-09             2.27678E-09                     0.000044
      figure of merit                 0.00000E+00             0.00000E+00                     0.046735

 there is not enough information in the largest  history scores (usually less than 500 scores) for a reliable estimate of the slope.
 the empirical history score probability density function appears to be increasing at the largest  history scores: please examine.
 the history score probability density function appears to have an unsampled region at the largest  history scores: please examine.


 ===================================================================================================================================

           results of 10 statistical checks for the estimated answer for the tally fluctuation chart (tfc) bin of tally  24

 tfc bin     --mean--      ---------relative error---------      ----variance of the variance----      --figure of merit--     -pdf-
 behavior    behavior      value   decrease   decrease rate      value   decrease   decrease rate       value     behavior     slope

 desired      random       <0.10      yes      1/sqrt(nps)       <0.10      yes        1/nps           constant    random      >3.00
 observed     random        0.22      yes          yes            0.05      yes         yes            decrease   decrease      0.00
 passed?        yes           no      yes          yes             yes      yes         yes                no         no          no

 ===================================================================================================================================


 warning.  the tally in the tally fluctuation chart bin did not pass  4 of the 10 statistical checks.

 fom = (histories/minute)*(f(x) signal-to-noise ratio)**2 = (6.000E+10)*( 0.000E+00)**2 = (6.000E+10)*(0.000E+00) = 0.000E+00
1unnormed tally density for tally  24            nonzero tally mean(m) = 2.501E+00   nps =1000000000    print table 161

 abscissa              ordinate   log plot of tally probability density function in tally fluctuation chart bin(d=decade,slope= 0.0)
  tally  number num den log den:d----------------------------------------------------------------------------------------------d----
 2.51-01      1 1.94-08  -7.713 ***************************************************************************************        |    
 3.16-01      0 0.00+00   0.000                                                                                                |    
 3.98-01      1 1.22-08  -7.913 ********************************************************************                           |    
 5.01-01      0 0.00+00   0.000                                                                                                |    
 6.31-01      0 0.00+00   0.000                                                                                                |    
 7.94-01      1 6.12-09  -8.213 ***************************************                                                        |    
 1.00+00      0 0.00+00   0.000                                                                                                |    
 1.26+00      0 0.00+00   0.000                                                                                                |    
 1.58+00      1 3.07-09  -8.513 ***********                                                                                    |    
 2.00+00      1 2.44-09  -8.613 *                                                                                              |    
 2.51+00      2 3.87-09  -8.412 mmmmmmmmmmmmmmmmmmmm                                                                           |    
 3.16+00     17 2.61-08  -7.583 ***********************************************************************************************|****
  total      24 2.40-08         d----------------------------------------------------------------------------------------------d----


 cumulative tally number for tally  24           nonzero tally mean(m) = 2.501E+00   nps =1000000000    print table 162

   abscissa     cum   ordinate    plot of the cumulative number of tallies in the tally fluctuation chart bin from 0 to 100 percent
    tally      number  cum pct:--------10--------20--------30--------40--------50--------60--------70--------80--------90-------100
 2.51189E-01        1    4.167|****     |         |         |         |         |         |         |         |         |         |
 3.16228E-01        1    4.167|****     |         |         |         |         |         |         |         |         |         |
 3.98107E-01        2    8.333|******** |         |         |         |         |         |         |         |         |         |
 5.01187E-01        2    8.333|******** |         |         |         |         |         |         |         |         |         |
 6.30957E-01        2    8.333|******** |         |         |         |         |         |         |         |         |         |
 7.94328E-01        3   12.500|*********|***      |         |         |         |         |         |         |         |         |
 1.00000E+00        3   12.500|*********|***      |         |         |         |         |         |         |         |         |
 1.25893E+00        3   12.500|*********|***      |         |         |         |         |         |         |         |         |
 1.58489E+00        4   16.667|*********|*******  |         |         |         |         |         |         |         |         |
 1.99526E+00        5   20.833|*********|*********|*        |         |         |         |         |         |         |         |
 2.51189E+00        7   29.167|mmmmmmmmm|mmmmmmmmm|mmmmmmmmm|         |         |         |         |         |         |         |
 3.16228E+00       24  100.000|*********|*********|*********|*********|*********|*********|*********|*********|*********|*********|
    total          24  100.000:--------10--------20--------30--------40--------50--------60--------70--------80--------90-------100


 cumulative unnormed tally for tally  24         nonzero tally mean(m) = 2.501E+00   nps =1000000000    print table 162

  abscissa     cum    ordinate                plot of the cumulative tally in the tally fluctuation chart bin from 0 to 100 percent
   tally    tally/nps  cum pct:--------10--------20--------30--------40--------50--------60--------70--------80--------90-------100
 2.512E-01  2.290E-10    0.381|         |         |         |         |         |         |         |         |         |         |
 3.162E-01  2.290E-10    0.381|         |         |         |         |         |         |         |         |         |         |
 3.981E-01  5.545E-10    0.924|*        |         |         |         |         |         |         |         |         |         |
 5.012E-01  5.545E-10    0.924|*        |         |         |         |         |         |         |         |         |         |
 6.310E-01  5.545E-10    0.924|*        |         |         |         |         |         |         |         |         |         |
 7.943E-01  1.333E-09    2.222|**       |         |         |         |         |         |         |         |         |         |
 1.000E+00  1.333E-09    2.222|**       |         |         |         |         |         |         |         |         |         |
 1.259E+00  1.333E-09    2.222|**       |         |         |         |         |         |         |         |         |         |
 1.585E+00  2.782E-09    4.636|*****    |         |         |         |         |         |         |         |         |         |
 1.995E+00  4.484E-09    7.472|*******  |         |         |         |         |         |         |         |         |         |
 2.512E+00  8.990E-09   14.979|mmmmmmmmm|mmmmm    |         |         |         |         |         |         |         |         |
 3.162E+00  6.002E-08  100.000|*********|*********|*********|*********|*********|*********|*********|*********|*********|*********|
   total  6.00177E-08  100.000:--------10--------20--------30--------40--------50--------60--------70--------80--------90-------100
1tally  44        nps =*********
           tally type 4    track length estimate of particle flux.      units   1/cm**2   
           tally for  photons  

           volumes 
                   cell:       5                                                                                   
                         2.70000E+01
 
 cell  5                                                                                                               
      energy
    1.0000E-09   0.00000E+00 0.0000
    1.2600E-09   0.00000E+00 0.0000
    1.5800E-09   0.00000E+00 0.0000
    2.0000E-09   0.00000E+00 0.0000
    2.5100E-09   0.00000E+00 0.0000
    3.1600E-09   0.00000E+00 0.0000
    3.9800E-09   0.00000E+00 0.0000
    5.0100E-09   0.00000E+00 0.0000
    6.3100E-09   0.00000E+00 0.0000
    7.9400E-09   0.00000E+00 0.0000
    1.0000E-08   0.00000E+00 0.0000
    1.2600E-08   0.00000E+00 0.0000
    1.5800E-08   0.00000E+00 0.0000
    2.0000E-08   0.00000E+00 0.0000
    2.5100E-08   0.00000E+00 0.0000
    3.1600E-08   0.00000E+00 0.0000
    3.9800E-08   0.00000E+00 0.0000
    5.0100E-08   0.00000E+00 0.0000
    6.3100E-08   0.00000E+00 0.0000
    7.9400E-08   0.00000E+00 0.0000
    1.0000E-07   0.00000E+00 0.0000
    1.2600E-07   0.00000E+00 0.0000
    1.5800E-07   0.00000E+00 0.0000
    2.0000E-07   0.00000E+00 0.0000
    2.5100E-07   0.00000E+00 0.0000
    3.1600E-07   0.00000E+00 0.0000
    3.9800E-07   0.00000E+00 0.0000
    5.0100E-07   0.00000E+00 0.0000
    6.3100E-07   0.00000E+00 0.0000
    7.9400E-07   0.00000E+00 0.0000
    1.0000E-06   0.00000E+00 0.0000
    1.2600E-06   0.00000E+00 0.0000
    1.5800E-06   0.00000E+00 0.0000
    2.0000E-06   0.00000E+00 0.0000
    2.5100E-06   0.00000E+00 0.0000
    3.1600E-06   0.00000E+00 0.0000
    3.9800E-06   0.00000E+00 0.0000
    5.0100E-06   0.00000E+00 0.0000
    6.3100E-06   0.00000E+00 0.0000
    7.9400E-06   0.00000E+00 0.0000
    1.0000E-05   0.00000E+00 0.0000
    1.2600E-05   0.00000E+00 0.0000
    1.5800E-05   0.00000E+00 0.0000
    2.0000E-05   0.00000E+00 0.0000
    2.5100E-05   0.00000E+00 0.0000
    3.1600E-05   0.00000E+00 0.0000
    3.9800E-05   0.00000E+00 0.0000
    5.0100E-05   0.00000E+00 0.0000
    6.3100E-05   0.00000E+00 0.0000
    7.9400E-05   0.00000E+00 0.0000
    1.0000E-04   0.00000E+00 0.0000
    1.2600E-04   0.00000E+00 0.0000
    1.5800E-04   0.00000E+00 0.0000
    2.0000E-04   0.00000E+00 0.0000
    2.5100E-04   0.00000E+00 0.0000
    3.1600E-04   0.00000E+00 0.0000
    3.9800E-04   0.00000E+00 0.0000
    5.0100E-04   0.00000E+00 0.0000
    6.3100E-04   0.00000E+00 0.0000
    7.9400E-04   0.00000E+00 0.0000
    1.0000E-03   0.00000E+00 0.0000
    1.2600E-03   0.00000E+00 0.0000
    1.5800E-03   0.00000E+00 0.0000
    2.0000E-03   0.00000E+00 0.0000
    2.5100E-03   0.00000E+00 0.0000
    3.1600E-03   0.00000E+00 0.0000
    3.9800E-03   0.00000E+00 0.0000
    5.0100E-03   0.00000E+00 0.0000
    6.3100E-03   0.00000E+00 0.0000
    7.9400E-03   0.00000E+00 0.0000
    1.0000E-02   0.00000E+00 0.0000
    1.2600E-02   0.00000E+00 0.0000
    1.5800E-02   0.00000E+00 0.0000
    2.0000E-02   0.00000E+00 0.0000
    2.5100E-02   0.00000E+00 0.0000
    3.1600E-02   0.00000E+00 0.0000
    3.9800E-02   0.00000E+00 0.0000
    5.0100E-02   0.00000E+00 0.0000
    6.3100E-02   0.00000E+00 0.0000
    7.9400E-02   0.00000E+00 0.0000
    1.0000E-01   0.00000E+00 0.0000
    1.2600E-01   0.00000E+00 0.0000
    1.5800E-01   0.00000E+00 0.0000
    2.0000E-01   0.00000E+00 0.0000
    2.5100E-01   0.00000E+00 0.0000
    3.1600E-01   0.00000E+00 0.0000
    3.9800E-01   0.00000E+00 0.0000
    5.0100E-01   0.00000E+00 0.0000
    6.3100E-01   0.00000E+00 0.0000
    7.9400E-01   0.00000E+00 0.0000
    1.0000E+00   0.00000E+00 0.0000
    1.2600E+00   0.00000E+00 0.0000
    1.5800E+00   0.00000E+00 0.0000
    2.0000E+00   0.00000E+00 0.0000
    2.5100E+00   1.44573E-09 0.2774
    3.1600E+00   0.00000E+00 0.0000
    3.9800E+00   1.11421E-10 1.0000
    5.0100E+00   0.00000E+00 0.0000
    6.3100E+00   0.00000E+00 0.0000
    7.9400E+00   0.00000E+00 0.0000
    1.0000E+01   0.00000E+00 0.0000
    1.2600E+01   0.00000E+00 0.0000
    1.5800E+01   0.00000E+00 0.0000
      total      1.55715E-09 0.2673
1analysis of the results in the tally fluctuation chart bin (tfc) for tally  44 with nps =1000000000    print table 160


 normed average tally per history  = 1.55715E-09          unnormed average tally per history  = 4.20430E-08
 estimated tally relative error    = 0.2673               estimated variance of the variance  = 0.0714
 relative error from zero tallies  = 0.2673               relative error from nonzero scores  = 0.0002

 number of nonzero history tallies =          14          efficiency for the nonzero tallies  = 0.0000
 history number of largest  tally  =   753745001          largest  unnormalized history tally = 3.00837E+00
 (largest  tally)/(average tally)  = 7.15546E+07          (largest  tally)/(avg nonzero tally)= 1.00177E+00

 (confidence interval shift)/mean  = 0.0357               shifted confidence interval center  = 1.61276E-09


 if the largest  history score sampled so far were to occur on the next history, the tfc bin quantities would change as follows:

      estimated quantities           value at nps           value at nps+1           value(nps+1)/value(nps)-1.

      mean                            1.55715E-09             1.66857E-09                     0.071555
      relative error                  2.67261E-01             2.58199E-01                    -0.033908
      variance of the variance        7.14287E-02             6.66668E-02                    -0.066666
      shifted center                  1.61276E-09             1.61277E-09                     0.000004
      figure of merit                 0.00000E+00             0.00000E+00                     0.071428

 there is not enough information in the largest  history scores (usually less than 500 scores) for a reliable estimate of the slope.
 the large score tail of the empirical history score probability density function appears to have no unsampled regions.


 ===================================================================================================================================

           results of 10 statistical checks for the estimated answer for the tally fluctuation chart (tfc) bin of tally  44

 tfc bin     --mean--      ---------relative error---------      ----variance of the variance----      --figure of merit--     -pdf-
 behavior    behavior      value   decrease   decrease rate      value   decrease   decrease rate       value     behavior     slope

 desired      random       <0.10      yes      1/sqrt(nps)       <0.10      yes        1/nps           constant    random      >3.00
 observed     random        0.27      yes          yes            0.07      yes         yes            decrease   decrease      0.00
 passed?        yes           no      yes          yes             yes      yes         yes                no         no          no

 ===================================================================================================================================


 warning.  the tally in the tally fluctuation chart bin did not pass  4 of the 10 statistical checks.

 fom = (histories/minute)*(f(x) signal-to-noise ratio)**2 = (6.000E+10)*( 0.000E+00)**2 = (6.000E+10)*(0.000E+00) = 0.000E+00
 print table 161 cannot be done for this tally because all tallies were between 2.51189E+00 and 3.16228E+00 which is one tally bin.
1status of the statistical checks used to form confidence intervals for the mean for each tally bin


 tally   result of statistical checks for the tfc bin (the first check not passed is listed) and error magnitude check for all bins

     4   missed  2 of 10 tfc bin checks: the figure of merit does not appear to be a constant for the last half of the problem     
         missed all bin error check:   104 tally bins had    83 bins with zeros and    19 bins with relative errors exceeding 0.10

    24   missed  4 of 10 tfc bin checks: the relative error exceeds the recommended value of 0.1 for nonpoint detector tallies     
         missed all bin error check:   104 tally bins had   100 bins with zeros and     4 bins with relative errors exceeding 0.10

    44   missed  4 of 10 tfc bin checks: the relative error exceeds the recommended value of 0.1 for nonpoint detector tallies     
         missed all bin error check:   104 tally bins had   101 bins with zeros and     3 bins with relative errors exceeding 0.10


 the 10 statistical checks are only for the tally fluctuation chart bin and do not apply to other tally bins.

 the tally bins with zeros may or may not be correct: compare the source, cutoffs, multipliers, et cetera with the tally bins.

 warning.     3 of the   3 tally fluctuation chart bins did not pass all 10 statistical checks.
 warning.     3 of the   3 tallies had bins with relative errors greater than recommended.
1tally fluctuation charts                         

                       tally    4                                tally   24                                tally   44
       nps      mean     error   vov  slope    fom      mean     error   vov  slope    fom      mean     error   vov  slope    fom
  65536000   1.4284E-07 0.0934 0.0131  0.0 0.0E+00   1.6963E-09 1.0000 1.0000  0.0 0.0E+00   1.6963E-09 1.0000 1.0000  0.0 0.0E+00
 131072000   1.3755E-07 0.0680 0.0068  0.0 0.0E+00   8.4815E-10 1.0000 1.0000  0.0 0.0E+00   8.4815E-10 1.0000 1.0000  0.0 0.0E+00
 196608000   1.3827E-07 0.0555 0.0045  0.0 0.0E+00   6.2676E-10 0.9074 0.9770  0.0 0.0E+00   5.6543E-10 1.0000 1.0000  0.0 0.0E+00
 262144000   1.4296E-07 0.0474 0.0033 10.0 0.0E+00   1.1975E-09 0.5626 0.3553  0.0 0.0E+00   8.4835E-10 0.7071 0.5000  0.0 0.0E+00
 327680000   1.4043E-07 0.0427 0.0027 10.0 0.0E+00   1.9770E-09 0.4036 0.1725  0.0 0.0E+00   1.3574E-09 0.5000 0.2500  0.0 0.0E+00
 393216000   1.3957E-07 0.0392 0.0022 10.0 0.0E+00   1.9305E-09 0.3743 0.1472  0.0 0.0E+00   1.4141E-09 0.4472 0.2000  0.0 0.0E+00
 458752000   1.3929E-07 0.0361 0.0019 10.0 0.0E+00   1.8970E-09 0.3506 0.1283  0.0 0.0E+00   1.4544E-09 0.4082 0.1667  0.0 0.0E+00
 524288000   1.4010E-07 0.0337 0.0017 10.0 0.0E+00   2.2937E-09 0.2997 0.0927  0.0 0.0E+00   1.6969E-09 0.3536 0.1250  0.0 0.0E+00
 589824000   1.4081E-07 0.0318 0.0015  4.9 0.0E+00   2.0389E-09 0.2997 0.0927  0.0 0.0E+00   1.5083E-09 0.3536 0.1250  0.0 0.0E+00
 655360000   1.3943E-07 0.0303 0.0014  5.2 0.0E+00   2.1380E-09 0.2763 0.0790  0.0 0.0E+00   1.5272E-09 0.3333 0.1111  0.0 0.0E+00
 720896000   1.3824E-07 0.0289 0.0012  5.6 0.0E+00   1.9436E-09 0.2763 0.0790  0.0 0.0E+00   1.3883E-09 0.3333 0.1111  0.0 0.0E+00
 786432000   1.3886E-07 0.0276 0.0011  5.5 0.0E+00   2.0647E-09 0.2574 0.0682  0.0 0.0E+00   1.5556E-09 0.3015 0.0909  0.0 0.0E+00
 851968000   1.4013E-07 0.0264 0.0010  5.5 0.0E+00   2.2073E-09 0.2347 0.0596  0.0 0.0E+00   1.5666E-09 0.2887 0.0833  0.0 0.0E+00
 917504000   1.3992E-07 0.0254 0.0010  5.6 0.0E+00   2.4227E-09 0.2167 0.0505  0.0 0.0E+00   1.6972E-09 0.2673 0.0714  0.0 0.0E+00
 983040000   1.3890E-07 0.0246 0.0009  6.4 0.0E+00   2.2612E-09 0.2167 0.0505  0.0 0.0E+00   1.5840E-09 0.2673 0.0714  0.0 0.0E+00
1000000000   1.3917E-07 0.0244 0.0009  6.4 0.0E+00   2.2229E-09 0.2167 0.0505  0.0 0.0E+00   1.5571E-09 0.2673 0.0714  0.0 0.0E+00

 ***********************************************************************************************************************
 dump no.    2 on file runtpe       nps =1000000000     coll =      470533098     ctm =    0.00     nrn =    11699861594


         7 warning messages so far.


 run terminated when1000000000 particle histories were done.

 computer time =    0.00 minutes

 mcnp     version 4b    02/04/97                                                           probid =                    
