Polyethylene sphere
1 1 -0.93 -1
2 0 1 -2 (-3:4:-5:6:-7:8) (-9:10:-5:6:-7:8) (-11:12:-5:6:-7:8)
3 0 3 -4 5 -6 7 -8
4 0 9 -10 5 -6 7 -8
5 0 11 -12 5 -6 7 -8
6 0 2

1 SO 0.5
2 SO 30.0
3 PZ 0.5
4 PZ 3.5
5 PY -1.5
6 PY 1.5
7 PX -1.5
8 PX 1.5
9 PZ 15.0
10 PZ 18.0
11 PZ 25.0
12 PZ 28.0

mode n p
IMP:N 1 1 1 1 1 0
IMP:P 1 1 1 1 1 0
sdef erg=d1
c Спектр гамма излучения, испускаемого нейтронным источником 239Pu-Be.
SI1 H 0.043 0.063 0.079 0.093 0.106 0.118
      0.129 0.14 0.15 0.16 0.17 0.18
      0.189 0.198 0.207 0.216 0.225 0.233
      0.242 0.25 0.258 0.266 0.274 0.282
      0.29 0.298 0.306 0.314 0.322 0.329
      0.337 0.344 0.352 0.359 0.367 0.374
      0.382 0.389 0.396 0.404 0.411 0.418
      0.425 0.433 0.44 0.447 0.454 0.461
      0.468 0.475 0.482 0.489 0.496 0.503
      0.51 0.517 0.524 0.531 0.538 0.545
      0.552 0.558 0.565 0.572 0.579 0.586
      0.593 0.599 0.606 0.613 0.62 0.626
      0.633 0.64 0.647 0.653 0.66 0.667
      0.673 0.68 0.687 0.693 0.7 0.707
      0.713 0.72 0.727 0.733 0.74 0.747
      0.753 0.76 0.766 0.773 0.78 0.786
      0.793 0.799 0.806 0.812 0.819 0.825
      0.832 0.839 0.845 0.852 0.858 0.865
      0.871 0.878 0.884 0.891 0.897 0.904
      0.91 0.917 0.923 0.93 0.936 0.943
      0.949 0.956 0.962 0.968 0.975 0.981
      0.988 0.994 1.001 1.007 1.014 1.02
      1.027 1.033 1.039 1.046 1.052 1.059
      1.065 1.072 1.078 1.084 1.091 1.097
      1.104 1.11 1.116 1.123 1.129 1.136
      1.142 1.148 1.155 1.161 1.168 1.174
      1.18 1.187 1.193 1.199 1.206 1.212
      1.219 1.225 1.231 1.238 1.244 1.25
      1.257 1.263 1.269 1.276 1.282 1.289
      1.295 1.301 1.308 1.314 1.32 1.327
      1.333 1.339 1.346 1.352 1.358 1.365
      1.371 1.377 1.384 1.39 1.396 1.403
      1.409 1.415 1.422 1.428 1.434 1.441
      1.447 1.453 1.46 1.466 1.472 1.479
      1.485 1.491 1.498 1.504 1.51 1.516
      1.523 1.529 1.535 1.542 1.548 1.554
      1.561 1.567 1.573 1.58 1.586 1.592
      1.598 1.605 1.611 1.617 1.624 1.63
      1.636 1.643 1.649 1.655 1.661 1.668
      1.674 1.68 1.687 1.693 1.699 1.705
      1.712 1.718 1.724 1.731 1.737 1.743
      1.749 1.756 1.762 1.768 1.775 1.781
      1.787 1.793 1.8 1.806 1.812 1.818
      1.825 1.831 1.837 1.844 1.85 1.856
      1.862 1.869 1.875 1.881 1.887 1.894
      1.9 1.906 1.913 1.919 1.925 1.931
      1.938 1.944 1.95 1.956 1.963 1.969
      1.975 1.981 1.988 1.994 2 2.006
      2.013 2.019 2.025 2.032 2.038 2.044
      2.05 2.057 2.063 2.069 2.075 2.082
      2.088 2.094 2.1 2.107 2.113 2.119
      2.125 2.132 2.138 2.144 2.15 2.157
      2.163 2.169 2.175 2.182 2.188 2.194
      2.2 2.207 2.213 2.219 2.225 2.232
      2.238 2.244 2.25 2.257 2.263 2.269
      2.275 2.282 2.288 2.294 2.3 2.306
      2.313 2.319 2.325 2.331 2.338 2.344
      2.35 2.356 2.363 2.369 2.375 2.381
      2.388 2.394 2.4 2.406 2.413 2.419
      2.425 2.431 2.438 2.444 2.45 2.456
      2.462 2.469 2.475 2.481 2.487 2.494
      2.5 2.506 2.512 2.519 2.525 2.531
      2.537 2.543 2.55 2.556 2.562 2.568
      2.575 2.581 2.587 2.593 2.6 2.606
      2.612 2.618 2.624 2.631 2.637 2.643
      2.649 2.656 2.662 2.668 2.674 2.681
      2.687 2.693 2.699 2.705 2.712 2.718
      2.724 2.73 2.737 2.743 2.749 2.755
      2.761 2.768 2.774 2.78 2.786 2.793
      2.799 2.805 2.811 2.817 2.824 2.83
      2.836 2.842 2.849 2.855 2.861 2.867
      2.873 2.88 2.886 2.892 2.898 2.905
      2.911 2.917 2.923 2.929 2.936 2.942
      2.948 2.954 2.961 2.967 2.973 2.979
      2.985 2.992 2.998 3.004 3.01 3.017
      3.023 3.029 3.035 3.041 3.048 3.054
      3.06 3.066 3.073 3.079 3.085 3.091
      3.097 3.104 3.11 3.116 3.122 3.128
      3.135 3.141 3.147 3.153 3.16 3.166
      3.172 3.178 3.184 3.191 3.197 3.203
      3.209 3.215 3.222 3.228 3.234 3.24
      3.247 3.253 3.259 3.265 3.271 3.278
      3.284 3.29 3.296 3.302 3.309 3.315
      3.321 3.327 3.333 3.34 3.346 3.352
      3.358 3.365 3.371 3.377 3.383 3.389
      3.396 3.402 3.408 3.414 3.42 3.427
      3.433 3.439 3.445 3.451 3.458 3.464
      3.47 3.476 3.483 3.489 3.495 3.501
      3.507 3.514 3.52 3.526 3.532 3.538
      3.545 3.551 3.557 3.563 3.569 3.576
      3.582 3.588 3.594 3.6 3.607 3.613
      3.619 3.625 3.632 3.638 3.644 3.65
      3.656 3.663 3.669 3.675 3.681 3.687
      3.694 3.7 3.706 3.712 3.718 3.725
      3.731 3.737 3.743 3.749 3.756 3.762
      3.768 3.774 3.78 3.787 3.793 3.799
      3.805 3.811 3.818 3.824 3.83 3.836
      3.843 3.849 3.855 3.861 3.867 3.874
      3.88 3.886 3.892 3.898 3.905 3.911
      3.917 3.923 3.929 3.936 3.942 3.948
      3.954 3.96 3.967 3.973 3.979 3.985
      3.991 3.998 4.004 4.01 4.016 4.022
      4.029 4.035 4.041 4.047 4.053 4.06
      4.066 4.072 4.078 4.084 4.091 4.097
      4.103 4.109 4.115 4.122 4.128 4.134
      4.14 4.146 4.153 4.159 4.165 4.171
      4.177 4.184 4.19 4.196 4.202 4.208
      4.215 4.221 4.227 4.233 4.239 4.246
      4.252 4.258 4.264 4.27 4.277 4.283
      4.289 4.295 4.301 4.308 4.314 4.32
      4.326 4.332 4.339 4.345 4.351 4.357
      4.363 4.37 4.376 4.382 4.388 4.394
      4.401 4.407 4.413 4.419 4.425 4.432
      4.438 4.444 4.45 4.456 4.463 4.469
      4.475 4.481 4.487 4.494 4.5 4.506
      4.512 4.518 4.525 4.531 4.537 4.543
      4.549 4.556 4.562 4.568 4.574 4.58
      4.587 4.593 4.599 4.605 4.611 4.618
      4.624 4.63 4.636 4.642 4.649 4.655
      4.661 4.667 4.673 4.68 4.686 4.692
      4.698 4.704 4.71 4.717 4.723 4.729
      4.735 4.741 4.748 4.754 4.76 4.766
      4.772 4.779 4.785 4.791
SP1 D 0 0.00E+00 0.00E+00 2.66E-01 9.28E+00 8.38E+00 3.50E+00
      1.83E-01 1.09E-01 3.01E+00 6.16E+00 6.61E+00 4.14E+00
      1.56E+00 5.95E-01 3.37E-01 3.95E-01 4.75E-01 4.46E-01
      3.90E-01 3.35E-01 2.92E-01 2.47E-01 1.94E-01 1.37E-01
      1.02E-01 1.09E-01 1.61E-01 2.43E-01 3.31E-01 4.11E-01
      4.80E-01 5.57E-01 6.74E-01 8.47E-01 1.05E+00 1.21E+00
      1.29E+00 1.31E+00 1.30E+00 1.27E+00 1.23E+00 1.13E+00
      9.77E-01 7.98E-01 6.33E-01 5.01E-01 4.09E-01 3.56E-01
      3.05E-01 2.71E-01 2.62E-01 2.71E-01 3.11E-01 3.33E-01
      3.39E-01 3.28E-01 3.05E-01 2.71E-01 2.32E-01 1.90E-01
      1.50E-01 1.17E-01 9.10E-02 7.36E-02 6.40E-02 6.12E-02
      6.33E-02 6.82E-02 7.46E-02 8.12E-02 8.70E-02 9.21E-02
      9.60E-02 9.89E-02 1.00E-01 9.98E-02 9.77E-02 9.38E-02
      8.81E-02 8.15E-02 7.42E-02 6.70E-02 6.08E-02 5.57E-02
      5.22E-02 4.97E-02 4.84E-02 4.76E-02 4.71E-02 4.69E-02
      4.75E-02 4.92E-02 5.22E-02 5.59E-02 6.05E-02 6.53E-02
      7.10E-02 7.78E-02 8.51E-02 9.28E-02 9.96E-02 1.05E-01
      1.10E-01 1.14E-01 1.16E-01 1.17E-01 1.17E-01 1.16E-01
      1.14E-01 1.10E-01 1.06E-01 1.01E-01 9.57E-02 8.96E-02
      8.32E-02 7.68E-02 7.06E-02 6.48E-02 5.93E-02 5.46E-02
      5.07E-02 4.75E-02 4.52E-02 4.35E-02 4.27E-02 4.24E-02
      4.27E-02 4.35E-02 4.46E-02 4.60E-02 4.73E-02 4.86E-02
      4.97E-02 5.07E-02 5.14E-02 5.20E-02 5.22E-02 5.20E-02
      5.18E-02 5.12E-02 5.07E-02 4.99E-02 4.90E-02 4.80E-02
      4.69E-02 4.58E-02 4.48E-02 4.39E-02 4.29E-02 4.22E-02
      4.14E-02 4.07E-02 4.01E-02 3.97E-02 3.94E-02 3.92E-02
      3.90E-02 3.90E-02 3.92E-02 3.94E-02 3.95E-02 3.99E-02
      4.05E-02 4.09E-02 4.14E-02 4.20E-02 4.26E-02 4.31E-02
      4.39E-02 4.44E-02 4.50E-02 4.58E-02 4.63E-02 4.69E-02
      4.75E-02 4.78E-02 4.84E-02 4.88E-02 4.92E-02 4.93E-02
      4.97E-02 4.99E-02 5.01E-02 5.03E-02 5.05E-02 5.07E-02
      5.08E-02 5.08E-02 5.10E-02 5.10E-02 5.10E-02 5.10E-02
      5.10E-02 5.08E-02 5.08E-02 5.07E-02 5.07E-02 5.05E-02
      5.05E-02 5.03E-02 5.01E-02 4.99E-02 4.97E-02 4.95E-02
      4.93E-02 4.92E-02 4.90E-02 4.86E-02 4.84E-02 4.80E-02
      4.78E-02 4.75E-02 4.71E-02 4.67E-02 4.65E-02 4.61E-02
      4.58E-02 4.54E-02 4.50E-02 4.46E-02 4.43E-02 4.39E-02
      4.35E-02 4.31E-02 4.27E-02 4.24E-02 4.20E-02 4.16E-02
      4.12E-02 4.09E-02 4.05E-02 4.01E-02 3.97E-02 3.94E-02
      3.90E-02 3.88E-02 3.84E-02 3.80E-02 3.77E-02 3.75E-02
      3.71E-02 3.69E-02 3.65E-02 3.63E-02 3.60E-02 3.58E-02
      3.56E-02 3.52E-02 3.50E-02 3.48E-02 3.47E-02 3.45E-02
      3.45E-02 3.43E-02 3.41E-02 3.41E-02 3.39E-02 3.39E-02
      3.37E-02 3.37E-02 3.37E-02 3.37E-02 3.37E-02 3.37E-02
      3.37E-02 3.37E-02 3.37E-02 3.39E-02 3.39E-02 3.41E-02
      3.41E-02 3.43E-02 3.43E-02 3.45E-02 3.45E-02 3.47E-02
      3.48E-02 3.50E-02 3.52E-02 3.54E-02 3.54E-02 3.56E-02
      3.58E-02 3.62E-02 3.63E-02 3.65E-02 3.67E-02 3.69E-02
      3.71E-02 3.75E-02 3.77E-02 3.79E-02 3.82E-02 3.84E-02
      3.86E-02 3.90E-02 3.92E-02 3.95E-02 3.97E-02 3.99E-02
      4.03E-02 4.05E-02 4.07E-02 4.09E-02 4.12E-02 4.14E-02
      4.16E-02 4.18E-02 4.20E-02 4.22E-02 4.24E-02 4.26E-02
      4.27E-02 4.29E-02 4.31E-02 4.33E-02 4.35E-02 4.37E-02
      4.37E-02 4.39E-02 4.41E-02 4.43E-02 4.43E-02 4.44E-02
      4.44E-02 4.46E-02 4.48E-02 4.48E-02 4.50E-02 4.50E-02
      4.50E-02 4.52E-02 4.52E-02 4.52E-02 4.54E-02 4.54E-02
      4.54E-02 4.56E-02 4.56E-02 4.56E-02 4.56E-02 4.56E-02
      4.56E-02 4.58E-02 4.58E-02 4.58E-02 4.58E-02 4.58E-02
      4.58E-02 4.58E-02 4.58E-02 4.58E-02 4.58E-02 4.60E-02
      4.60E-02 4.60E-02 4.60E-02 4.60E-02 4.60E-02 4.60E-02
      4.60E-02 4.60E-02 4.60E-02 4.61E-02 4.61E-02 4.61E-02
      4.61E-02 4.61E-02 4.61E-02 4.63E-02 4.63E-02 4.63E-02
      4.65E-02 4.65E-02 4.65E-02 4.67E-02 4.67E-02 4.67E-02
      4.69E-02 4.69E-02 4.71E-02 4.71E-02 4.73E-02 4.73E-02
      4.75E-02 4.76E-02 4.76E-02 4.78E-02 4.78E-02 4.80E-02
      4.82E-02 4.84E-02 4.84E-02 4.86E-02 4.88E-02 4.90E-02
      4.90E-02 4.92E-02 4.93E-02 4.95E-02 4.97E-02 4.99E-02
      5.01E-02 5.03E-02 5.05E-02 5.07E-02 5.08E-02 5.10E-02
      5.12E-02 5.14E-02 5.16E-02 5.18E-02 5.20E-02 5.22E-02
      5.24E-02 5.25E-02 5.27E-02 5.29E-02 5.31E-02 5.33E-02
      5.37E-02 5.39E-02 5.40E-02 5.42E-02 5.44E-02 5.46E-02
      5.48E-02 5.50E-02 5.52E-02 5.54E-02 5.56E-02 5.57E-02
      5.57E-02 5.59E-02 5.61E-02 5.63E-02 5.63E-02 5.65E-02
      5.67E-02 5.67E-02 5.69E-02 5.69E-02 5.71E-02 5.73E-02
      5.73E-02 5.74E-02 5.74E-02 5.74E-02 5.76E-02 5.76E-02
      5.76E-02 5.78E-02 5.78E-02 5.78E-02 5.78E-02 5.78E-02
      5.78E-02 5.78E-02 5.78E-02 5.78E-02 5.78E-02 5.78E-02
      5.78E-02 5.78E-02 5.76E-02 5.76E-02 5.74E-02 5.74E-02
      5.73E-02 5.71E-02 5.71E-02 5.69E-02 5.67E-02 5.67E-02
      5.65E-02 5.63E-02 5.61E-02 5.59E-02 5.57E-02 5.56E-02
      5.54E-02 5.52E-02 5.50E-02 5.48E-02 5.44E-02 5.42E-02
      5.40E-02 5.37E-02 5.35E-02 5.33E-02 5.29E-02 5.27E-02
      5.24E-02 5.20E-02 5.18E-02 5.14E-02 5.10E-02 5.07E-02
      5.05E-02 5.01E-02 4.97E-02 4.93E-02 4.90E-02 4.86E-02
      4.82E-02 4.78E-02 4.73E-02 4.69E-02 4.65E-02 4.61E-02
      4.58E-02 4.52E-02 4.48E-02 4.44E-02 4.39E-02 4.35E-02
      4.31E-02 4.26E-02 4.22E-02 4.18E-02 4.14E-02 4.09E-02
      4.05E-02 4.01E-02 3.97E-02 3.94E-02 3.90E-02 3.86E-02
      3.84E-02 3.80E-02 3.77E-02 3.75E-02 3.71E-02 3.69E-02
      3.65E-02 3.63E-02 3.62E-02 3.60E-02 3.58E-02 3.56E-02
      3.54E-02 3.52E-02 3.52E-02 3.50E-02 3.48E-02 3.48E-02
      3.47E-02 3.45E-02 3.45E-02 3.43E-02 3.43E-02 3.41E-02
      3.39E-02 3.39E-02 3.37E-02 3.35E-02 3.33E-02 3.31E-02
      3.30E-02 3.26E-02 3.24E-02 3.20E-02 3.16E-02 3.13E-02
      3.07E-02 3.03E-02 2.98E-02 2.92E-02 2.86E-02 2.81E-02
      2.73E-02 2.67E-02 2.60E-02 2.50E-02 2.43E-02 2.35E-02
      2.26E-02 2.17E-02 2.07E-02 1.98E-02 1.88E-02 1.77E-02
      1.67E-02 1.56E-02 1.46E-02 1.35E-02 1.24E-02 1.13E-02
      1.02E-02 9.08E-03 7.98E-03 6.87E-03 5.76E-03 4.65E-03
      3.56E-03 2.47E-03 1.36E-03 2.73E-04 0.00E+00 0.00E+00
      0.00E+00 0.00E+00 0.00E+00 0.00E+00 0.00E+00 0.00E+00
      0.00E+00 0.00E+00 0.00E+00 0.00E+00 0.00E+00 0.00E+00
      0.00E+00 0.00E+00 0.00E+00 0.00E+00 0.00E+00 0.00E+00
      0.00E+00 0.00E+00 0.00E+00 0.00E+00 0.00E+00 0.00E+00
      0.00E+00 0.00E+00 0.00E+00 0.00E+00 0.00E+00 0.00E+00
      0.00E+00 0.00E+00 0.00E+00 0.00E+00 0.00E+00 0.00E+00
      0.00E+00 0.00E+00 0.00E+00 0.00E+00 0.00E+00 0.00E+00
      0.00E+00 1.29E-03 5.01E-03 8.89E-03 1.29E-02 1.71E-02
      2.15E-02 3.13E-02 4.80E-02 7.34E-02 1.07E-01 1.46E-01
      1.92E-01 2.45E-01 3.01E-01 3.60E-01 4.22E-01 4.84E-01
      5.42E-01 6.01E-01 6.52E-01 6.99E-01 7.38E-01 7.70E-01
      7.97E-01 8.14E-01 8.25E-01 8.27E-01 8.25E-01 8.15E-01
      8.00E-01 7.83E-01 7.61E-01 7.36E-01 7.10E-01 6.82E-01
      6.52E-01 6.21E-01 5.91E-01 5.59E-01 5.29E-01 4.97E-01
      4.67E-01 4.35E-01 4.03E-01 3.71E-01 3.37E-01 3.05E-01
      2.71E-01 2.39E-01 2.09E-01 1.81E-01 1.56E-01 1.34E-01
      1.15E-01 9.98E-02 8.81E-02 7.97E-02 7.38E-02 6.99E-02
      6.72E-02 6.55E-02 6.42E-02 6.29E-02 6.14E-02 5.93E-02
      5.71E-02 5.44E-02 5.14E-02 4.84E-02 4.54E-02 4.24E-02
      3.94E-02 3.65E-02 3.39E-02 3.13E-02 2.88E-02 2.66E-02
      2.43E-02 2.20E-02 1.98E-02 1.78E-02 1.58E-02 1.39E-02
      1.21E-02 1.04E-02 8.83E-03 7.33E-03 5.91E-03 4.61E-03
      3.41E-03 2.30E-03 1.29E-03
E0    1.00e-09 1.26e-09 1.58e-09 2.00e-09 2.51e-09 3.16e-09 
      3.98e-09 5.01e-09 6.31e-09 7.94e-09 1.00e-08 1.26e-08 
      1.58e-08 2.00e-08 2.51e-08 3.16e-08 3.98e-08 5.01e-08 
      6.31e-08 7.94e-08 1.00e-07 1.26e-07 1.58e-07 2.00e-07 
      2.51e-07 3.16e-07 3.98e-07 5.01e-07 6.31e-07 7.94e-07 
      1.00e-06 1.26e-06 1.58e-06 2.00e-06 2.51e-06 3.16e-06 
      3.98e-06 5.01e-06 6.31e-06 7.94e-06 1.00e-05 1.26e-05 
      1.58e-05 2.00e-05 2.51e-05 3.16e-05 3.98e-05 5.01e-05 
      6.31e-05 7.94e-05 1.00e-04 1.26e-04 1.58e-04 2.00e-04 
      2.51e-04 3.16e-04 3.98e-04 5.01e-04 6.31e-04 7.94e-04 
      1.00e-03 1.26e-03 1.58e-03 2.00e-03 2.51e-03 3.16e-03 
      3.98e-03 5.01e-03 6.31e-03 7.94e-03 1.00e-02 1.26e-02 
      1.58e-02 2.00e-02 2.51e-02 3.16e-02 3.98e-02 5.01e-02 
      6.31e-02 7.94e-02 1.00e-01 1.26e-01 1.58e-01 2.00e-01 
      2.51e-01 3.16e-01 3.98e-01 5.01e-01 6.31e-01 7.94e-01 
      1.00e+00 1.26e+00 1.58e+00 2.00e+00 2.51e+00 3.16e+00 
      3.98e+00 5.01e+00 6.31e+00 7.94e+00 1.00e+01 1.26e+01 
      1.58e+01
F4:P 3
F24:P 4
F44:P 5
M1 1001 -0.143716 6000 -0.856284 $ hydrogen and carbon
nps 1000000000