Polyethylene sphere
1 1 -0.93 -1
2 0 1 -2 (-3:4:-5:6:-7:8) (-9:10:-5:6:-7:8) (-11:12:-5:6:-7:8)
3 0 3 -4 5 -6 7 -8
4 0 9 -10 5 -6 7 -8
5 0 11 -12 5 -6 7 -8
6 0 2

1 SO 0.9
2 SO 30.0
3 PZ 0.9
4 PZ 3.9
5 PY -1.5
6 PY 1.5
7 PX -1.5
8 PX 1.5
9 PZ 15.0
10 PZ 18.0
11 PZ 25.0
12 PZ 28.0

mode n p
IMP:N 1 1 1 1 1 0
IMP:P 1 1 1 1 1 0
sdef erg=d1
c  Спектр нейтронов, испускаемых источником 239Pu-Be 
SI1 H 0.08 0.14 0.18 0.22 0.26 0.3
      0.33 0.37 0.4 0.43 0.46 0.49
      0.52 0.55 0.58 0.61 0.63 0.66
      0.68 0.71 0.74 0.76 0.79 0.81
      0.83 0.86 0.88 0.9 0.93 0.95
      0.97 1 1.02 1.04 1.06 1.08
      1.11 1.13 1.15 1.17 1.19 1.21
      1.23 1.25 1.27 1.29 1.31 1.33
      1.35 1.37 1.39 1.41 1.43 1.45
      1.47 1.49 1.51 1.53 1.55 1.56
      1.58 1.6 1.62 1.64 1.66 1.67
      1.69 1.71 1.73 1.75 1.76 1.78
      1.8 1.82 1.84 1.85 1.87 1.89
      1.91 1.92 1.94 1.96 1.97 1.99
      2.01 2.03 2.04 2.06 2.08 2.09
      2.11 2.13 2.14 2.16 2.18 2.19
      2.21 2.22 2.24 2.26 2.27 2.29
      2.31 2.32 2.34 2.35 2.37 2.38
      2.4 2.42 2.43 2.45 2.46 2.48
      2.49 2.51 2.53 2.54 2.56 2.57
      2.59 2.6 2.62 2.63 2.65 2.66
      2.68 2.69 2.71 2.72 2.74 2.75
      2.77 2.78 2.8 2.81 2.83 2.84
      2.86 2.87 2.89 2.9 2.92 2.93
      2.95 2.96 2.98 2.99 3 3.02
      3.03 3.05 3.06 3.08 3.09 3.11
      3.12 3.13 3.15 3.16 3.18 3.19
      3.2 3.22 3.23 3.25 3.26 3.28
      3.29 3.3 3.32 3.33 3.34 3.36
      3.37 3.39 3.4 3.41 3.43 3.44
      3.46 3.47 3.48 3.5 3.51 3.52
      3.54 3.55 3.56 3.58 3.59 3.6
      3.62 3.63 3.65 3.66 3.67 3.69
      3.7 3.71 3.73 3.74 3.75 3.77
      3.78 3.79 3.8 3.82 3.83 3.84
      3.86 3.87 3.88 3.9 3.91 3.92
      3.94 3.95 3.96 3.97 3.99 4
      4.01 4.03 4.04 4.05 4.07 4.08
      4.09 4.1 4.12 4.13 4.14 4.15
      4.17 4.18 4.19 4.21 4.22 4.23
      4.24 4.26 4.27 4.28 4.29 4.31
      4.32 4.33 4.34 4.36 4.37 4.38
      4.39 4.41 4.42 4.43 4.44 4.46
      4.47 4.48 4.49 4.51 4.52 4.53
      4.54 4.56 4.57 4.58 4.59 4.6
      4.62 4.63 4.64 4.65 4.67 4.68
      4.69 4.7 4.71 4.73 4.74 4.75
      4.76 4.77 4.79 4.8 4.81 4.82
      4.83 4.85 4.86 4.87 4.88 4.89
      4.91 4.92 4.93 4.94 4.95 4.97
      4.98 4.99 5 5.01 5.03 5.04
      5.05 5.06 5.07 5.08 5.1 5.11
      5.12 5.13 5.14 5.16 5.17 5.18
      5.19 5.2 5.21 5.23 5.24 5.25
      5.26 5.27 5.28 5.29 5.31 5.32
      5.33 5.34 5.35 5.36 5.38 5.39
      5.4 5.41 5.42 5.43 5.44 5.46
      5.47 5.48 5.49 5.5 5.51 5.52
      5.54 5.55 5.56 5.57 5.58 5.59
      5.6 5.62 5.63 5.64 5.65 5.66
      5.67 5.68 5.69 5.71 5.72 5.73
      5.74 5.75 5.76 5.77 5.78 5.8
      5.81 5.82 5.83 5.84 5.85 5.86
      5.87 5.88 5.9 5.91 5.92 5.93
      5.94 5.95 5.96 5.97 5.98 6
      6.01 6.02 6.03 6.04 6.05 6.06
      6.07 6.08 6.09 6.11 6.12 6.13
      6.14 6.15 6.16 6.17 6.18 6.19
      6.2 6.21 6.23 6.24 6.25 6.26
      6.27 6.28 6.29 6.3 6.31 6.32
      6.33 6.35 6.36 6.37 6.38 6.39
      6.4 6.41 6.42 6.43 6.44 6.45
      6.46 6.47 6.48 6.5 6.51 6.52
      6.53 6.54 6.55 6.56 6.57 6.58
      6.59 6.6 6.61 6.62 6.63 6.64
      6.66 6.67 6.68 6.69 6.7 6.71
      6.72 6.73 6.74 6.75 6.76 6.77
      6.78 6.79 6.8 6.81 6.82 6.83
      6.84 6.86 6.87 6.88 6.89 6.9
      6.91 6.92 6.93 6.94 6.95 6.96
      6.97 6.98 6.99 7 7.01 7.02
      7.03 7.04 7.05 7.06 7.07 7.08
      7.09 7.1 7.12 7.13 7.14 7.15
      7.16 7.17 7.18 7.19 7.2 7.21
      7.22 7.23 7.24 7.25 7.26 7.27
      7.28 7.29 7.3 7.31 7.32 7.33
      7.34 7.35 7.36 7.37 7.38 7.39
      7.4 7.41 7.42 7.43 7.44 7.45
      7.46 7.47 7.48 7.49 7.5 7.51
      7.52 7.53 7.54 7.55 7.56 7.57
      7.58 7.59 7.6 7.61 7.62 7.63
      7.64 7.65 7.66 7.67 7.68 7.69
      7.7 7.71 7.72 7.73 7.74 7.75
      7.76 7.77 7.78 7.79 7.8 7.81
      7.82 7.83 7.84 7.85 7.86 7.87
      7.88 7.89 7.9 7.91 7.92 7.93
      7.94 7.95 7.96 7.97 7.98 7.99
      8 8.01 8.02 8.03 8.04 8.05
      8.06 8.07 8.08 8.09 8.1 8.11
      8.12 8.13 8.14 8.15 8.16 8.17
      8.18 8.19 8.2 8.21 8.22 8.23
      8.24 8.25 8.26 8.27 8.28 8.29
      8.3 8.31 8.32 8.33 8.34 8.35
      8.36 8.37 8.38 8.39 8.4 8.41
      8.42 8.43 8.44 8.45 8.46 8.47
      8.48 8.49 8.5 8.51 8.52 8.53
      8.54 8.55 8.56 8.57 8.58 8.59
      8.6 8.61 8.62 8.63 8.64 8.65
      8.66 8.67 8.68 8.69 8.7 8.71
      8.72 8.73 8.74 8.75 8.76 8.77
      8.78 8.79 8.8 8.81 8.82 8.83
      8.84 8.85 8.86 8.87 8.88 8.89
      8.9 8.91 8.92 8.93 8.94 8.95
      8.96 8.97 8.98 8.99 9 9.01
      9.02 9.03 9.04 9.05 9.06 9.07
      9.08 9.09 9.1 9.11 9.12 9.13
      9.14 9.15 9.16 9.17 9.18 9.19
      9.2 9.21 9.22 9.23 9.24 9.25
      9.26 9.27 9.28 9.29 9.3 9.31
      9.32 9.33 9.34 9.35 9.36 9.37
      9.38 9.39 9.4 9.41 9.42 9.43
      9.44 9.45 9.46 9.47 9.48 9.49
      9.5 9.51 9.52 9.53 9.54 9.55
      9.56 9.57 9.58 9.59 9.6 9.61
      9.62 9.63 9.64 9.65 9.66 9.67
      9.68 9.69 9.7 9.71 9.72 9.73
      9.74 9.75 9.76 9.77 9.78 9.79
      9.8 9.81 9.82 9.83 9.84 9.85
      9.86 9.87 9.88 9.89 9.9 9.91
      9.92 9.93 9.94 9.95 9.96 9.97
      9.98 9.99 10 10.01 10.02 10.03
      10.04 10.05 10.06 10.07 10.08 10.09
      10.1 10.11 10.12 10.13 10.14 10.15
      10.16 10.17 10.18 10.19 10.2 10.21
      10.22 10.23 10.24 10.25 10.26 10.27
      10.28 10.29 10.3 10.31 10.32 10.33
      10.34 10.35 10.36 10.37 10.38 10.39
      10.4 10.41 10.42 10.43 10.44 10.45
      10.46 10.47 10.48 10.49 10.5 10.51
      10.52 10.53 10.54 10.55 10.56 10.57
      10.58 10.59 10.6 10.7 10.71 10.72
      10.73 10.74 10.75 10.76 10.77 10.78
      10.79 10.8 10.81 10.82 10.83 10.84
      10.85 10.86 10.87 10.88 10.89 10.9
      10.91 10.92 10.93 10.94 10.95 10.96
      10.97 10.98 10.99 11
SP1 D 0 2.18E-01 3.31E-01 3.27E-01 2.56E-01 2.87E-01 2.65E-01
      2.51E-01 2.32E-01 2.29E-01 2.19E-01 2.11E-01 1.99E-01
      1.83E-01 1.70E-01 1.56E-01 1.46E-01 1.39E-01 1.37E-01
      1.38E-01 1.40E-01 1.42E-01 1.43E-01 1.42E-01 1.38E-01
      1.33E-01 1.28E-01 1.22E-01 1.15E-01 1.09E-01 1.03E-01
      9.80E-02 9.34E-02 8.94E-02 8.74E-02 8.68E-02 8.81E-02
      9.07E-02 9.34E-02 9.54E-02 9.60E-02 9.40E-02 9.01E-02
      8.54E-02 8.01E-02 7.68E-02 7.62E-02 7.88E-02 8.34E-02
      8.94E-02 9.47E-02 9.74E-02 9.74E-02 9.47E-02 9.01E-02
      8.48E-02 8.01E-02 7.68E-02 7.48E-02 7.42E-02 7.42E-02
      7.48E-02 7.62E-02 7.68E-02 7.81E-02 7.95E-02 8.01E-02
      8.15E-02 8.21E-02 8.34E-02 8.41E-02 8.48E-02 8.61E-02
      8.68E-02 8.74E-02 8.81E-02 8.81E-02 8.87E-02 8.94E-02
      8.94E-02 8.94E-02 8.94E-02 8.94E-02 8.87E-02 8.81E-02
      8.74E-02 8.68E-02 8.61E-02 8.48E-02 8.34E-02 8.21E-02
      8.08E-02 7.95E-02 7.75E-02 7.62E-02 7.48E-02 7.28E-02
      7.15E-02 7.02E-02 6.89E-02 6.75E-02 6.69E-02 6.60E-02
      6.54E-02 6.51E-02 6.50E-02 6.52E-02 6.56E-02 6.62E-02
      6.69E-02 6.82E-02 6.95E-02 7.15E-02 7.35E-02 7.55E-02
      7.75E-02 7.95E-02 8.21E-02 8.48E-02 8.74E-02 8.94E-02
      9.21E-02 9.47E-02 9.74E-02 1.00E-01 1.03E-01 1.05E-01
      1.07E-01 1.09E-01 1.11E-01 1.14E-01 1.16E-01 1.18E-01
      1.20E-01 1.23E-01 1.26E-01 1.28E-01 1.31E-01 1.34E-01
      1.36E-01 1.39E-01 1.41E-01 1.44E-01 1.46E-01 1.48E-01
      1.50E-01 1.52E-01 1.54E-01 1.56E-01 1.57E-01 1.58E-01
      1.60E-01 1.61E-01 1.62E-01 1.63E-01 1.64E-01 1.64E-01
      1.65E-01 1.66E-01 1.66E-01 1.66E-01 1.66E-01 1.66E-01
      1.66E-01 1.66E-01 1.66E-01 1.65E-01 1.65E-01 1.64E-01
      1.64E-01 1.63E-01 1.62E-01 1.61E-01 1.60E-01 1.60E-01
      1.58E-01 1.57E-01 1.56E-01 1.55E-01 1.54E-01 1.53E-01
      1.52E-01 1.51E-01 1.50E-01 1.48E-01 1.48E-01 1.46E-01
      1.46E-01 1.44E-01 1.44E-01 1.42E-01 1.42E-01 1.41E-01
      1.40E-01 1.40E-01 1.39E-01 1.38E-01 1.38E-01 1.37E-01
      1.37E-01 1.36E-01 1.36E-01 1.36E-01 1.36E-01 1.35E-01
      1.35E-01 1.35E-01 1.35E-01 1.35E-01 1.35E-01 1.35E-01
      1.35E-01 1.35E-01 1.35E-01 1.35E-01 1.35E-01 1.35E-01
      1.35E-01 1.35E-01 1.35E-01 1.35E-01 1.35E-01 1.35E-01
      1.35E-01 1.34E-01 1.34E-01 1.34E-01 1.34E-01 1.34E-01
      1.34E-01 1.34E-01 1.33E-01 1.33E-01 1.32E-01 1.32E-01
      1.32E-01 1.31E-01 1.30E-01 1.30E-01 1.30E-01 1.29E-01
      1.29E-01 1.28E-01 1.28E-01 1.27E-01 1.27E-01 1.26E-01
      1.26E-01 1.26E-01 1.25E-01 1.25E-01 1.25E-01 1.24E-01
      1.24E-01 1.24E-01 1.23E-01 1.23E-01 1.23E-01 1.23E-01
      1.23E-01 1.23E-01 1.23E-01 1.23E-01 1.23E-01 1.24E-01
      1.24E-01 1.24E-01 1.25E-01 1.25E-01 1.25E-01 1.26E-01
      1.26E-01 1.27E-01 1.28E-01 1.28E-01 1.29E-01 1.30E-01
      1.30E-01 1.31E-01 1.32E-01 1.33E-01 1.34E-01 1.34E-01
      1.36E-01 1.36E-01 1.37E-01 1.38E-01 1.39E-01 1.40E-01
      1.40E-01 1.42E-01 1.42E-01 1.43E-01 1.44E-01 1.44E-01
      1.45E-01 1.46E-01 1.46E-01 1.47E-01 1.48E-01 1.48E-01
      1.48E-01 1.49E-01 1.49E-01 1.50E-01 1.50E-01 1.50E-01
      1.50E-01 1.50E-01 1.50E-01 1.50E-01 1.50E-01 1.50E-01
      1.50E-01 1.49E-01 1.49E-01 1.48E-01 1.48E-01 1.48E-01
      1.47E-01 1.46E-01 1.46E-01 1.45E-01 1.44E-01 1.44E-01
      1.42E-01 1.42E-01 1.40E-01 1.40E-01 1.38E-01 1.38E-01
      1.36E-01 1.35E-01 1.34E-01 1.33E-01 1.32E-01 1.30E-01
      1.29E-01 1.28E-01 1.26E-01 1.25E-01 1.24E-01 1.22E-01
      1.21E-01 1.19E-01 1.18E-01 1.17E-01 1.15E-01 1.13E-01
      1.12E-01 1.11E-01 1.09E-01 1.07E-01 1.06E-01 1.04E-01
      1.03E-01 1.01E-01 9.93E-02 9.80E-02 9.67E-02 9.47E-02
      9.34E-02 9.21E-02 9.01E-02 8.87E-02 8.74E-02 8.54E-02
      8.41E-02 8.28E-02 8.08E-02 7.95E-02 7.81E-02 7.68E-02
      7.55E-02 7.48E-02 7.35E-02 7.22E-02 7.15E-02 7.02E-02
      6.95E-02 6.82E-02 6.75E-02 6.69E-02 6.60E-02 6.54E-02
      6.48E-02 6.42E-02 6.36E-02 6.32E-02 6.28E-02 6.25E-02
      6.21E-02 6.19E-02 6.17E-02 6.15E-02 6.15E-02 6.14E-02
      6.15E-02 6.15E-02 6.16E-02 6.18E-02 6.20E-02 6.22E-02
      6.25E-02 6.28E-02 6.32E-02 6.36E-02 6.40E-02 6.45E-02
      6.50E-02 6.56E-02 6.61E-02 6.69E-02 6.75E-02 6.82E-02
      6.89E-02 6.95E-02 7.02E-02 7.09E-02 7.15E-02 7.22E-02
      7.28E-02 7.35E-02 7.42E-02 7.48E-02 7.55E-02 7.62E-02
      7.75E-02 7.81E-02 7.88E-02 7.95E-02 8.01E-02 8.08E-02
      8.15E-02 8.21E-02 8.21E-02 8.28E-02 8.34E-02 8.41E-02
      8.48E-02 8.48E-02 8.54E-02 8.61E-02 8.61E-02 8.68E-02
      8.68E-02 8.74E-02 8.74E-02 8.74E-02 8.81E-02 8.81E-02
      8.81E-02 8.81E-02 8.81E-02 8.81E-02 8.81E-02 8.81E-02
      8.81E-02 8.81E-02 8.81E-02 8.81E-02 8.81E-02 8.74E-02
      8.74E-02 8.74E-02 8.74E-02 8.68E-02 8.68E-02 8.61E-02
      8.61E-02 8.54E-02 8.54E-02 8.54E-02 8.48E-02 8.48E-02
      8.41E-02 8.41E-02 8.34E-02 8.34E-02 8.28E-02 8.28E-02
      8.21E-02 8.21E-02 8.15E-02 8.15E-02 8.08E-02 8.08E-02
      8.08E-02 8.01E-02 8.01E-02 8.01E-02 7.95E-02 7.95E-02
      7.95E-02 7.95E-02 7.88E-02 7.88E-02 7.88E-02 7.88E-02
      7.88E-02 7.88E-02 7.88E-02 7.88E-02 7.88E-02 7.88E-02
      7.88E-02 7.88E-02 7.95E-02 7.95E-02 7.95E-02 7.95E-02
      8.01E-02 8.01E-02 8.01E-02 8.01E-02 8.08E-02 8.08E-02
      8.08E-02 8.15E-02 8.15E-02 8.15E-02 8.21E-02 8.21E-02
      8.28E-02 8.28E-02 8.28E-02 8.34E-02 8.34E-02 8.34E-02
      8.41E-02 8.41E-02 8.41E-02 8.48E-02 8.48E-02 8.48E-02
      8.48E-02 8.54E-02 8.54E-02 8.54E-02 8.54E-02 8.54E-02
      8.61E-02 8.61E-02 8.61E-02 8.61E-02 8.61E-02 8.61E-02
      8.61E-02 8.61E-02 8.61E-02 8.61E-02 8.61E-02 8.61E-02
      8.61E-02 8.54E-02 8.54E-02 8.54E-02 8.54E-02 8.54E-02
      8.48E-02 8.48E-02 8.48E-02 8.48E-02 8.41E-02 8.41E-02
      8.41E-02 8.34E-02 8.34E-02 8.34E-02 8.28E-02 8.28E-02
      8.28E-02 8.21E-02 8.21E-02 8.15E-02 8.15E-02 8.15E-02
      8.08E-02 8.08E-02 8.01E-02 8.01E-02 7.95E-02 7.95E-02
      7.88E-02 7.88E-02 7.81E-02 7.81E-02 7.75E-02 7.75E-02
      7.68E-02 7.68E-02 7.62E-02 7.62E-02 7.55E-02 7.55E-02
      7.48E-02 7.42E-02 7.42E-02 7.35E-02 7.28E-02 7.28E-02
      7.22E-02 7.15E-02 7.15E-02 7.09E-02 7.02E-02 6.95E-02
      6.89E-02 6.89E-02 6.82E-02 6.75E-02 6.69E-02 6.62E-02
      6.56E-02 6.50E-02 6.44E-02 6.30E-02 6.23E-02 6.16E-02
      6.08E-02 6.01E-02 5.93E-02 5.85E-02 5.77E-02 5.69E-02
      5.60E-02 5.52E-02 5.43E-02 5.34E-02 5.25E-02 5.16E-02
      5.07E-02 4.97E-02 4.87E-02 4.77E-02 4.67E-02 4.57E-02
      4.46E-02 4.36E-02 4.25E-02 4.14E-02 4.03E-02 3.91E-02
      3.69E-02 3.57E-02 3.45E-02 3.32E-02 3.23E-02 3.15E-02
      3.09E-02 3.03E-02 2.97E-02 2.91E-02 2.86E-02 2.81E-02
      2.75E-02 2.71E-02 2.67E-02 2.63E-02 2.59E-02 2.55E-02
      2.52E-02 2.48E-02 2.46E-02 2.41E-02 2.38E-02 2.36E-02
      2.35E-02 2.34E-02 2.32E-02 2.31E-02 2.30E-02 2.30E-02
      2.30E-02 2.29E-02 2.29E-02 2.29E-02 2.30E-02 2.30E-02
      2.30E-02 2.32E-02 2.33E-02 2.34E-02 2.36E-02 2.37E-02
      2.38E-02 2.40E-02 2.42E-02 2.44E-02 2.46E-02 2.47E-02
      2.49E-02 2.51E-02 2.53E-02 2.55E-02 2.58E-02 2.60E-02
      2.64E-02 2.66E-02 2.68E-02 2.70E-02 2.72E-02 2.75E-02
      2.77E-02 2.79E-02 2.81E-02 2.83E-02 2.85E-02 2.87E-02
      2.89E-02 2.91E-02 2.95E-02 2.97E-02 2.99E-02 3.01E-02
      3.03E-02 3.04E-02 3.06E-02 3.07E-02 3.09E-02 3.11E-02
      3.12E-02 3.14E-02 3.15E-02 3.18E-02 3.19E-02 3.21E-02
      3.21E-02 3.23E-02 3.24E-02 3.25E-02 3.26E-02 3.26E-02
      3.28E-02 3.28E-02 3.29E-02 3.30E-02 3.31E-02 3.32E-02
      3.32E-02 3.32E-02 3.33E-02 3.33E-02 3.33E-02 3.34E-02
      3.34E-02 3.34E-02 3.33E-02 3.33E-02 3.33E-02 3.32E-02
      3.32E-02 3.32E-02 3.31E-02 3.30E-02 3.30E-02 3.28E-02
      3.28E-02 3.26E-02 3.25E-02 3.23E-02 3.22E-02 3.21E-02
      3.19E-02 3.17E-02 3.16E-02 3.14E-02 3.12E-02 3.08E-02
      3.06E-02 3.04E-02 3.02E-02 2.99E-02 2.97E-02 2.95E-02
      2.93E-02 2.90E-02 2.85E-02 2.82E-02 2.79E-02 2.77E-02
      2.74E-02 2.71E-02 2.68E-02 2.65E-02 2.62E-02 2.59E-02
      2.53E-02 2.50E-02 2.46E-02 2.43E-02 2.40E-02 2.37E-02
      2.34E-02 2.30E-02 2.27E-02 2.21E-02 2.17E-02 2.14E-02
      2.11E-02 2.08E-02 2.05E-02 2.01E-02 1.98E-02 1.95E-02
      1.88E-02 1.85E-02 1.81E-02 1.78E-02 1.75E-02 1.72E-02
      1.68E-02 1.65E-02 1.59E-02 1.56E-02 1.52E-02 1.49E-02
      1.46E-02 1.43E-02 1.40E-02 1.36E-02 1.30E-02 1.27E-02
      1.25E-02 1.21E-02 1.19E-02 1.15E-02 1.13E-02 1.09E-02
      1.03E-02 1.01E-02 9.80E-03 9.54E-03 9.21E-03 8.94E-03
      8.68E-03 8.41E-03 7.88E-03 7.62E-03 7.35E-03 7.15E-03
      6.89E-03 6.62E-03 6.41E-03 3.95E-03 3.78E-03 3.62E-03
      3.46E-03 3.30E-03 3.15E-03 2.87E-03 2.74E-03 2.61E-03
      2.48E-03 2.36E-03 2.25E-03 2.15E-03 1.94E-03 1.85E-03
      1.76E-03 1.68E-03 1.60E-03 1.52E-03 1.45E-03 1.32E-03
      1.26E-03 1.20E-03 1.15E-03 1.10E-03 1.05E-03 1.01E-03
      9.34E-04 9.01E-04 8.68E-04
E0    1.00e-09 1.26e-09 1.58e-09 2.00e-09 2.51e-09 3.16e-09 
      3.98e-09 5.01e-09 6.31e-09 7.94e-09 1.00e-08 1.26e-08 
      1.58e-08 2.00e-08 2.51e-08 3.16e-08 3.98e-08 5.01e-08 
      6.31e-08 7.94e-08 1.00e-07 1.26e-07 1.58e-07 2.00e-07 
      2.51e-07 3.16e-07 3.98e-07 5.01e-07 6.31e-07 7.94e-07 
      1.00e-06 1.26e-06 1.58e-06 2.00e-06 2.51e-06 3.16e-06 
      3.98e-06 5.01e-06 6.31e-06 7.94e-06 1.00e-05 1.26e-05 
      1.58e-05 2.00e-05 2.51e-05 3.16e-05 3.98e-05 5.01e-05 
      6.31e-05 7.94e-05 1.00e-04 1.26e-04 1.58e-04 2.00e-04 
      2.51e-04 3.16e-04 3.98e-04 5.01e-04 6.31e-04 7.94e-04 
      1.00e-03 1.26e-03 1.58e-03 2.00e-03 2.51e-03 3.16e-03 
      3.98e-03 5.01e-03 6.31e-03 7.94e-03 1.00e-02 1.26e-02 
      1.58e-02 2.00e-02 2.51e-02 3.16e-02 3.98e-02 5.01e-02 
      6.31e-02 7.94e-02 1.00e-01 1.26e-01 1.58e-01 2.00e-01 
      2.51e-01 3.16e-01 3.98e-01 5.01e-01 6.31e-01 7.94e-01 
      1.00e+00 1.26e+00 1.58e+00 2.00e+00 2.51e+00 3.16e+00 
      3.98e+00 5.01e+00 6.31e+00 7.94e+00 1.00e+01 1.26e+01 
      1.58e+01 
F4:P 3
F14:N 3
F24:P 4
F34:N 4
F44:P 5
F54:N 5
M1 1001 -0.143716 6000 -0.856284 $ hydrogen and carbon
nps 1000000000