1mcnp     version 4b    ld=02/04/97                                       
 *************************************************************************                 probid =                    
                                                                                 

    1-       Polyethylene sphere                                                             
    2-       1 0 -1                                                                          
    3-       2 0 1 -2 (-3:4:-5:6:-7:8) (-9:10:-5:6:-7:8) (-11:12:-5:6:-7:8)                  
    4-       3 0 3 -4 5 -6 7 -8                                                              
    5-       4 0 9 -10 5 -6 7 -8                                                             
    6-       5 0 11 -12 5 -6 7 -8                                                            
    7-       6 0 2                                                                           
    8-                                                                                       
    9-       1 SO 1.0                                                                        
   10-       2 SO 30.0                                                                       
   11-       3 PZ 1.0                                                                        
   12-       4 PZ 4.0                                                                        
   13-       5 PY -1.5                                                                       
   14-       6 PY 1.5                                                                        
   15-       7 PX -1.5                                                                       
   16-       8 PX 1.5                                                                        
   17-       9 PZ 15.0                                                                       
   18-       10 PZ 18.0                                                                      
   19-       11 PZ 25.0                                                                      
   20-       12 PZ 28.0                                                                      
   21-                                                                                       
   22-       mode n p                                                                        
   23-       IMP:N 1 1 1 1 1 0                                                               
   24-       IMP:P 1 1 1 1 1 0                                                               
   25-       sdef erg=d1                                                                     
   26-       c  Спектр нейтронов, испускаемых источником 
   27-       SI1 H 0.08 0.14 0.18 0.22 0.26 0.3                                              
   28-             0.33 0.37 0.4 0.43 0.46 0.49                                              
   29-             0.52 0.55 0.58 0.61 0.63 0.66                                             
   30-             0.68 0.71 0.74 0.76 0.79 0.81                                             
   31-             0.83 0.86 0.88 0.9 0.93 0.95                                              
   32-             0.97 1 1.02 1.04 1.06 1.08                                                
   33-             1.11 1.13 1.15 1.17 1.19 1.21                                             
   34-             1.23 1.25 1.27 1.29 1.31 1.33                                             
   35-             1.35 1.37 1.39 1.41 1.43 1.45                                             
   36-             1.47 1.49 1.51 1.53 1.55 1.56                                             
   37-             1.58 1.6 1.62 1.64 1.66 1.67                                              
   38-             1.69 1.71 1.73 1.75 1.76 1.78                                             
   39-             1.8 1.82 1.84 1.85 1.87 1.89                                              
   40-             1.91 1.92 1.94 1.96 1.97 1.99                                             
   41-             2.01 2.03 2.04 2.06 2.08 2.09                                             
   42-             2.11 2.13 2.14 2.16 2.18 2.19                                             
   43-             2.21 2.22 2.24 2.26 2.27 2.29                                             
   44-             2.31 2.32 2.34 2.35 2.37 2.38                                             
   45-             2.4 2.42 2.43 2.45 2.46 2.48                                              
   46-             2.49 2.51 2.53 2.54 2.56 2.57                                             
   47-             2.59 2.6 2.62 2.63 2.65 2.66                                              
   48-             2.68 2.69 2.71 2.72 2.74 2.75                                             
   49-             2.77 2.78 2.8 2.81 2.83 2.84                                              
   50-             2.86 2.87 2.89 2.9 2.92 2.93                                              
   51-             2.95 2.96 2.98 2.99 3 3.02                                                
   52-             3.03 3.05 3.06 3.08 3.09 3.11                                             
   53-             3.12 3.13 3.15 3.16 3.18 3.19                                             
   54-             3.2 3.22 3.23 3.25 3.26 3.28                                              
   55-             3.29 3.3 3.32 3.33 3.34 3.36                                              
   56-             3.37 3.39 3.4 3.41 3.43 3.44                                              
   57-             3.46 3.47 3.48 3.5 3.51 3.52                                              
   58-             3.54 3.55 3.56 3.58 3.59 3.6                                              
   59-             3.62 3.63 3.65 3.66 3.67 3.69                                             
   60-             3.7 3.71 3.73 3.74 3.75 3.77                                              
   61-             3.78 3.79 3.8 3.82 3.83 3.84                                              
   62-             3.86 3.87 3.88 3.9 3.91 3.92                                              
   63-             3.94 3.95 3.96 3.97 3.99 4                                                
   64-             4.01 4.03 4.04 4.05 4.07 4.08                                             
   65-             4.09 4.1 4.12 4.13 4.14 4.15                                              
   66-             4.17 4.18 4.19 4.21 4.22 4.23                                             
   67-             4.24 4.26 4.27 4.28 4.29 4.31                                             
   68-             4.32 4.33 4.34 4.36 4.37 4.38                                             
   69-             4.39 4.41 4.42 4.43 4.44 4.46                                             
   70-             4.47 4.48 4.49 4.51 4.52 4.53                                             
   71-             4.54 4.56 4.57 4.58 4.59 4.6                                              
   72-             4.62 4.63 4.64 4.65 4.67 4.68                                             
   73-             4.69 4.7 4.71 4.73 4.74 4.75                                              
   74-             4.76 4.77 4.79 4.8 4.81 4.82                                              
   75-             4.83 4.85 4.86 4.87 4.88 4.89                                             
   76-             4.91 4.92 4.93 4.94 4.95 4.97                                             
   77-             4.98 4.99 5 5.01 5.03 5.04                                                
   78-             5.05 5.06 5.07 5.08 5.1 5.11                                              
   79-             5.12 5.13 5.14 5.16 5.17 5.18                                             
   80-             5.19 5.2 5.21 5.23 5.24 5.25                                              
   81-             5.26 5.27 5.28 5.29 5.31 5.32                                             
   82-             5.33 5.34 5.35 5.36 5.38 5.39                                             
   83-             5.4 5.41 5.42 5.43 5.44 5.46                                              
   84-             5.47 5.48 5.49 5.5 5.51 5.52                                              
   85-             5.54 5.55 5.56 5.57 5.58 5.59                                             
   86-             5.6 5.62 5.63 5.64 5.65 5.66                                              
   87-             5.67 5.68 5.69 5.71 5.72 5.73                                             
   88-             5.74 5.75 5.76 5.77 5.78 5.8                                              
   89-             5.81 5.82 5.83 5.84 5.85 5.86                                             
   90-             5.87 5.88 5.9 5.91 5.92 5.93                                              
   91-             5.94 5.95 5.96 5.97 5.98 6                                                
   92-             6.01 6.02 6.03 6.04 6.05 6.06                                             
   93-             6.07 6.08 6.09 6.11 6.12 6.13                                             
   94-             6.14 6.15 6.16 6.17 6.18 6.19                                             
   95-             6.2 6.21 6.23 6.24 6.25 6.26                                              
   96-             6.27 6.28 6.29 6.3 6.31 6.32                                              
   97-             6.33 6.35 6.36 6.37 6.38 6.39                                             
   98-             6.4 6.41 6.42 6.43 6.44 6.45                                              
   99-             6.46 6.47 6.48 6.5 6.51 6.52                                              
  100-             6.53 6.54 6.55 6.56 6.57 6.58                                             
  101-             6.59 6.6 6.61 6.62 6.63 6.64                                              
  102-             6.66 6.67 6.68 6.69 6.7 6.71                                              
  103-             6.72 6.73 6.74 6.75 6.76 6.77                                             
  104-             6.78 6.79 6.8 6.81 6.82 6.83                                              
  105-             6.84 6.86 6.87 6.88 6.89 6.9                                              
  106-             6.91 6.92 6.93 6.94 6.95 6.96                                             
  107-             6.97 6.98 6.99 7 7.01 7.02                                                
  108-             7.03 7.04 7.05 7.06 7.07 7.08                                             
  109-             7.09 7.1 7.12 7.13 7.14 7.15                                              
  110-             7.16 7.17 7.18 7.19 7.2 7.21                                              
  111-             7.22 7.23 7.24 7.25 7.26 7.27                                             
  112-             7.28 7.29 7.3 7.31 7.32 7.33                                              
  113-             7.34 7.35 7.36 7.37 7.38 7.39                                             
  114-             7.4 7.41 7.42 7.43 7.44 7.45                                              
  115-             7.46 7.47 7.48 7.49 7.5 7.51                                              
  116-             7.52 7.53 7.54 7.55 7.56 7.57                                             
  117-             7.58 7.59 7.6 7.61 7.62 7.63                                              
  118-             7.64 7.65 7.66 7.67 7.68 7.69                                             
  119-             7.7 7.71 7.72 7.73 7.74 7.75                                              
  120-             7.76 7.77 7.78 7.79 7.8 7.81                                              
  121-             7.82 7.83 7.84 7.85 7.86 7.87                                             
  122-             7.88 7.89 7.9 7.91 7.92 7.93                                              
  123-             7.94 7.95 7.96 7.97 7.98 7.99                                             
  124-             8 8.01 8.02 8.03 8.04 8.05                                                
  125-             8.06 8.07 8.08 8.09 8.1 8.11                                              
  126-             8.12 8.13 8.14 8.15 8.16 8.17                                             
  127-             8.18 8.19 8.2 8.21 8.22 8.23                                              
  128-             8.24 8.25 8.26 8.27 8.28 8.29                                             
  129-             8.3 8.31 8.32 8.33 8.34 8.35                                              
  130-             8.36 8.37 8.38 8.39 8.4 8.41                                              
  131-             8.42 8.43 8.44 8.45 8.46 8.47                                             
  132-             8.48 8.49 8.5 8.51 8.52 8.53                                              
  133-             8.54 8.55 8.56 8.57 8.58 8.59                                             
  134-             8.6 8.61 8.62 8.63 8.64 8.65                                              
  135-             8.66 8.67 8.68 8.69 8.7 8.71                                              
  136-             8.72 8.73 8.74 8.75 8.76 8.77                                             
  137-             8.78 8.79 8.8 8.81 8.82 8.83                                              
  138-             8.84 8.85 8.86 8.87 8.88 8.89                                             
  139-             8.9 8.91 8.92 8.93 8.94 8.95                                              
  140-             8.96 8.97 8.98 8.99 9 9.01                                                
  141-             9.02 9.03 9.04 9.05 9.06 9.07                                             
  142-             9.08 9.09 9.1 9.11 9.12 9.13                                              
  143-             9.14 9.15 9.16 9.17 9.18 9.19                                             
  144-             9.2 9.21 9.22 9.23 9.24 9.25                                              
  145-             9.26 9.27 9.28 9.29 9.3 9.31                                              
  146-             9.32 9.33 9.34 9.35 9.36 9.37                                             
  147-             9.38 9.39 9.4 9.41 9.42 9.43                                              
  148-             9.44 9.45 9.46 9.47 9.48 9.49                                             
  149-             9.5 9.51 9.52 9.53 9.54 9.55                                              
  150-             9.56 9.57 9.58 9.59 9.6 9.61                                              
  151-             9.62 9.63 9.64 9.65 9.66 9.67                                             
  152-             9.68 9.69 9.7 9.71 9.72 9.73                                              
  153-             9.74 9.75 9.76 9.77 9.78 9.79                                             
  154-             9.8 9.81 9.82 9.83 9.84 9.85                                              
  155-             9.86 9.87 9.88 9.89 9.9 9.91                                              
  156-             9.92 9.93 9.94 9.95 9.96 9.97                                             
  157-             9.98 9.99 10 10.01 10.02 10.03                                            
  158-             10.04 10.05 10.06 10.07 10.08 10.09                                       
  159-             10.1 10.11 10.12 10.13 10.14 10.15                                        
  160-             10.16 10.17 10.18 10.19 10.2 10.21                                        
  161-             10.22 10.23 10.24 10.25 10.26 10.27                                       
  162-             10.28 10.29 10.3 10.31 10.32 10.33                                        
  163-             10.34 10.35 10.36 10.37 10.38 10.39                                       
  164-             10.4 10.41 10.42 10.43 10.44 10.45                                        
  165-             10.46 10.47 10.48 10.49 10.5 10.51                                        
  166-             10.52 10.53 10.54 10.55 10.56 10.57                                       
  167-             10.58 10.59 10.6 10.7 10.71 10.72                                         
  168-             10.73 10.74 10.75 10.76 10.77 10.78                                       
  169-             10.79 10.8 10.81 10.82 10.83 10.84                                        
  170-             10.85 10.86 10.87 10.88 10.89 10.9                                        
  171-             10.91 10.92 10.93 10.94 10.95 10.96                                       
  172-             10.97 10.98 10.99 11                                                      
  173-       SP1 D 0 2.18E-01 3.31E-01 3.27E-01 2.56E-01 2.87E-01 2.65E-01                   
  174-             2.51E-01 2.32E-01 2.29E-01 2.19E-01 2.11E-01 1.99E-01                     
  175-             1.83E-01 1.70E-01 1.56E-01 1.46E-01 1.39E-01 1.37E-01                     
  176-             1.38E-01 1.40E-01 1.42E-01 1.43E-01 1.42E-01 1.38E-01                     
  177-             1.33E-01 1.28E-01 1.22E-01 1.15E-01 1.09E-01 1.03E-01                     
  178-             9.80E-02 9.34E-02 8.94E-02 8.74E-02 8.68E-02 8.81E-02                     
  179-             9.07E-02 9.34E-02 9.54E-02 9.60E-02 9.40E-02 9.01E-02                     
  180-             8.54E-02 8.01E-02 7.68E-02 7.62E-02 7.88E-02 8.34E-02                     
  181-             8.94E-02 9.47E-02 9.74E-02 9.74E-02 9.47E-02 9.01E-02                     
  182-             8.48E-02 8.01E-02 7.68E-02 7.48E-02 7.42E-02 7.42E-02                     
  183-             7.48E-02 7.62E-02 7.68E-02 7.81E-02 7.95E-02 8.01E-02                     
  184-             8.15E-02 8.21E-02 8.34E-02 8.41E-02 8.48E-02 8.61E-02                     
  185-             8.68E-02 8.74E-02 8.81E-02 8.81E-02 8.87E-02 8.94E-02                     
  186-             8.94E-02 8.94E-02 8.94E-02 8.94E-02 8.87E-02 8.81E-02                     
  187-             8.74E-02 8.68E-02 8.61E-02 8.48E-02 8.34E-02 8.21E-02                     
  188-             8.08E-02 7.95E-02 7.75E-02 7.62E-02 7.48E-02 7.28E-02                     
  189-             7.15E-02 7.02E-02 6.89E-02 6.75E-02 6.69E-02 6.60E-02                     
  190-             6.54E-02 6.51E-02 6.50E-02 6.52E-02 6.56E-02 6.62E-02                     
  191-             6.69E-02 6.82E-02 6.95E-02 7.15E-02 7.35E-02 7.55E-02                     
  192-             7.75E-02 7.95E-02 8.21E-02 8.48E-02 8.74E-02 8.94E-02                     
  193-             9.21E-02 9.47E-02 9.74E-02 1.00E-01 1.03E-01 1.05E-01                     
  194-             1.07E-01 1.09E-01 1.11E-01 1.14E-01 1.16E-01 1.18E-01                     
  195-             1.20E-01 1.23E-01 1.26E-01 1.28E-01 1.31E-01 1.34E-01                     
  196-             1.36E-01 1.39E-01 1.41E-01 1.44E-01 1.46E-01 1.48E-01                     
  197-             1.50E-01 1.52E-01 1.54E-01 1.56E-01 1.57E-01 1.58E-01                     
  198-             1.60E-01 1.61E-01 1.62E-01 1.63E-01 1.64E-01 1.64E-01                     
  199-             1.65E-01 1.66E-01 1.66E-01 1.66E-01 1.66E-01 1.66E-01                     
  200-             1.66E-01 1.66E-01 1.66E-01 1.65E-01 1.65E-01 1.64E-01                     
  201-             1.64E-01 1.63E-01 1.62E-01 1.61E-01 1.60E-01 1.60E-01                     
  202-             1.58E-01 1.57E-01 1.56E-01 1.55E-01 1.54E-01 1.53E-01                     
  203-             1.52E-01 1.51E-01 1.50E-01 1.48E-01 1.48E-01 1.46E-01                     
  204-             1.46E-01 1.44E-01 1.44E-01 1.42E-01 1.42E-01 1.41E-01                     
  205-             1.40E-01 1.40E-01 1.39E-01 1.38E-01 1.38E-01 1.37E-01                     
  206-             1.37E-01 1.36E-01 1.36E-01 1.36E-01 1.36E-01 1.35E-01                     
  207-             1.35E-01 1.35E-01 1.35E-01 1.35E-01 1.35E-01 1.35E-01                     
  208-             1.35E-01 1.35E-01 1.35E-01 1.35E-01 1.35E-01 1.35E-01                     
  209-             1.35E-01 1.35E-01 1.35E-01 1.35E-01 1.35E-01 1.35E-01                     
  210-             1.35E-01 1.34E-01 1.34E-01 1.34E-01 1.34E-01 1.34E-01                     
  211-             1.34E-01 1.34E-01 1.33E-01 1.33E-01 1.32E-01 1.32E-01                     
  212-             1.32E-01 1.31E-01 1.30E-01 1.30E-01 1.30E-01 1.29E-01                     
  213-             1.29E-01 1.28E-01 1.28E-01 1.27E-01 1.27E-01 1.26E-01                     
  214-             1.26E-01 1.26E-01 1.25E-01 1.25E-01 1.25E-01 1.24E-01                     
  215-             1.24E-01 1.24E-01 1.23E-01 1.23E-01 1.23E-01 1.23E-01                     
  216-             1.23E-01 1.23E-01 1.23E-01 1.23E-01 1.23E-01 1.24E-01                     
  217-             1.24E-01 1.24E-01 1.25E-01 1.25E-01 1.25E-01 1.26E-01                     
  218-             1.26E-01 1.27E-01 1.28E-01 1.28E-01 1.29E-01 1.30E-01                     
  219-             1.30E-01 1.31E-01 1.32E-01 1.33E-01 1.34E-01 1.34E-01                     
  220-             1.36E-01 1.36E-01 1.37E-01 1.38E-01 1.39E-01 1.40E-01                     
  221-             1.40E-01 1.42E-01 1.42E-01 1.43E-01 1.44E-01 1.44E-01                     
  222-             1.45E-01 1.46E-01 1.46E-01 1.47E-01 1.48E-01 1.48E-01                     
  223-             1.48E-01 1.49E-01 1.49E-01 1.50E-01 1.50E-01 1.50E-01                     
  224-             1.50E-01 1.50E-01 1.50E-01 1.50E-01 1.50E-01 1.50E-01                     
  225-             1.50E-01 1.49E-01 1.49E-01 1.48E-01 1.48E-01 1.48E-01                     
  226-             1.47E-01 1.46E-01 1.46E-01 1.45E-01 1.44E-01 1.44E-01                     
  227-             1.42E-01 1.42E-01 1.40E-01 1.40E-01 1.38E-01 1.38E-01                     
  228-             1.36E-01 1.35E-01 1.34E-01 1.33E-01 1.32E-01 1.30E-01                     
  229-             1.29E-01 1.28E-01 1.26E-01 1.25E-01 1.24E-01 1.22E-01                     
  230-             1.21E-01 1.19E-01 1.18E-01 1.17E-01 1.15E-01 1.13E-01                     
  231-             1.12E-01 1.11E-01 1.09E-01 1.07E-01 1.06E-01 1.04E-01                     
  232-             1.03E-01 1.01E-01 9.93E-02 9.80E-02 9.67E-02 9.47E-02                     
  233-             9.34E-02 9.21E-02 9.01E-02 8.87E-02 8.74E-02 8.54E-02                     
  234-             8.41E-02 8.28E-02 8.08E-02 7.95E-02 7.81E-02 7.68E-02                     
  235-             7.55E-02 7.48E-02 7.35E-02 7.22E-02 7.15E-02 7.02E-02                     
  236-             6.95E-02 6.82E-02 6.75E-02 6.69E-02 6.60E-02 6.54E-02                     
  237-             6.48E-02 6.42E-02 6.36E-02 6.32E-02 6.28E-02 6.25E-02                     
  238-             6.21E-02 6.19E-02 6.17E-02 6.15E-02 6.15E-02 6.14E-02                     
  239-             6.15E-02 6.15E-02 6.16E-02 6.18E-02 6.20E-02 6.22E-02                     
  240-             6.25E-02 6.28E-02 6.32E-02 6.36E-02 6.40E-02 6.45E-02                     
  241-             6.50E-02 6.56E-02 6.61E-02 6.69E-02 6.75E-02 6.82E-02                     
  242-             6.89E-02 6.95E-02 7.02E-02 7.09E-02 7.15E-02 7.22E-02                     
  243-             7.28E-02 7.35E-02 7.42E-02 7.48E-02 7.55E-02 7.62E-02                     
  244-             7.75E-02 7.81E-02 7.88E-02 7.95E-02 8.01E-02 8.08E-02                     
  245-             8.15E-02 8.21E-02 8.21E-02 8.28E-02 8.34E-02 8.41E-02                     
  246-             8.48E-02 8.48E-02 8.54E-02 8.61E-02 8.61E-02 8.68E-02                     
  247-             8.68E-02 8.74E-02 8.74E-02 8.74E-02 8.81E-02 8.81E-02                     
  248-             8.81E-02 8.81E-02 8.81E-02 8.81E-02 8.81E-02 8.81E-02                     
  249-             8.81E-02 8.81E-02 8.81E-02 8.81E-02 8.81E-02 8.74E-02                     
  250-             8.74E-02 8.74E-02 8.74E-02 8.68E-02 8.68E-02 8.61E-02                     
  251-             8.61E-02 8.54E-02 8.54E-02 8.54E-02 8.48E-02 8.48E-02                     
  252-             8.41E-02 8.41E-02 8.34E-02 8.34E-02 8.28E-02 8.28E-02                     
  253-             8.21E-02 8.21E-02 8.15E-02 8.15E-02 8.08E-02 8.08E-02                     
  254-             8.08E-02 8.01E-02 8.01E-02 8.01E-02 7.95E-02 7.95E-02                     
  255-             7.95E-02 7.95E-02 7.88E-02 7.88E-02 7.88E-02 7.88E-02                     
  256-             7.88E-02 7.88E-02 7.88E-02 7.88E-02 7.88E-02 7.88E-02                     
  257-             7.88E-02 7.88E-02 7.95E-02 7.95E-02 7.95E-02 7.95E-02                     
  258-             8.01E-02 8.01E-02 8.01E-02 8.01E-02 8.08E-02 8.08E-02                     
  259-             8.08E-02 8.15E-02 8.15E-02 8.15E-02 8.21E-02 8.21E-02                     
  260-             8.28E-02 8.28E-02 8.28E-02 8.34E-02 8.34E-02 8.34E-02                     
  261-             8.41E-02 8.41E-02 8.41E-02 8.48E-02 8.48E-02 8.48E-02                     
  262-             8.48E-02 8.54E-02 8.54E-02 8.54E-02 8.54E-02 8.54E-02                     
  263-             8.61E-02 8.61E-02 8.61E-02 8.61E-02 8.61E-02 8.61E-02                     
  264-             8.61E-02 8.61E-02 8.61E-02 8.61E-02 8.61E-02 8.61E-02                     
  265-             8.61E-02 8.54E-02 8.54E-02 8.54E-02 8.54E-02 8.54E-02                     
  266-             8.48E-02 8.48E-02 8.48E-02 8.48E-02 8.41E-02 8.41E-02                     
  267-             8.41E-02 8.34E-02 8.34E-02 8.34E-02 8.28E-02 8.28E-02                     
  268-             8.28E-02 8.21E-02 8.21E-02 8.15E-02 8.15E-02 8.15E-02                     
  269-             8.08E-02 8.08E-02 8.01E-02 8.01E-02 7.95E-02 7.95E-02                     
  270-             7.88E-02 7.88E-02 7.81E-02 7.81E-02 7.75E-02 7.75E-02                     
  271-             7.68E-02 7.68E-02 7.62E-02 7.62E-02 7.55E-02 7.55E-02                     
  272-             7.48E-02 7.42E-02 7.42E-02 7.35E-02 7.28E-02 7.28E-02                     
  273-             7.22E-02 7.15E-02 7.15E-02 7.09E-02 7.02E-02 6.95E-02                     
  274-             6.89E-02 6.89E-02 6.82E-02 6.75E-02 6.69E-02 6.62E-02                     
  275-             6.56E-02 6.50E-02 6.44E-02 6.30E-02 6.23E-02 6.16E-02                     
  276-             6.08E-02 6.01E-02 5.93E-02 5.85E-02 5.77E-02 5.69E-02                     
  277-             5.60E-02 5.52E-02 5.43E-02 5.34E-02 5.25E-02 5.16E-02                     
  278-             5.07E-02 4.97E-02 4.87E-02 4.77E-02 4.67E-02 4.57E-02                     
  279-             4.46E-02 4.36E-02 4.25E-02 4.14E-02 4.03E-02 3.91E-02                     
  280-             3.69E-02 3.57E-02 3.45E-02 3.32E-02 3.23E-02 3.15E-02                     
  281-             3.09E-02 3.03E-02 2.97E-02 2.91E-02 2.86E-02 2.81E-02                     
  282-             2.75E-02 2.71E-02 2.67E-02 2.63E-02 2.59E-02 2.55E-02                     
  283-             2.52E-02 2.48E-02 2.46E-02 2.41E-02 2.38E-02 2.36E-02                     
  284-             2.35E-02 2.34E-02 2.32E-02 2.31E-02 2.30E-02 2.30E-02                     
  285-             2.30E-02 2.29E-02 2.29E-02 2.29E-02 2.30E-02 2.30E-02                     
  286-             2.30E-02 2.32E-02 2.33E-02 2.34E-02 2.36E-02 2.37E-02                     
  287-             2.38E-02 2.40E-02 2.42E-02 2.44E-02 2.46E-02 2.47E-02                     
  288-             2.49E-02 2.51E-02 2.53E-02 2.55E-02 2.58E-02 2.60E-02                     
  289-             2.64E-02 2.66E-02 2.68E-02 2.70E-02 2.72E-02 2.75E-02                     
  290-             2.77E-02 2.79E-02 2.81E-02 2.83E-02 2.85E-02 2.87E-02                     
  291-             2.89E-02 2.91E-02 2.95E-02 2.97E-02 2.99E-02 3.01E-02                     
  292-             3.03E-02 3.04E-02 3.06E-02 3.07E-02 3.09E-02 3.11E-02                     
  293-             3.12E-02 3.14E-02 3.15E-02 3.18E-02 3.19E-02 3.21E-02                     
  294-             3.21E-02 3.23E-02 3.24E-02 3.25E-02 3.26E-02 3.26E-02                     
  295-             3.28E-02 3.28E-02 3.29E-02 3.30E-02 3.31E-02 3.32E-02                     
  296-             3.32E-02 3.32E-02 3.33E-02 3.33E-02 3.33E-02 3.34E-02                     
  297-             3.34E-02 3.34E-02 3.33E-02 3.33E-02 3.33E-02 3.32E-02                     
  298-             3.32E-02 3.32E-02 3.31E-02 3.30E-02 3.30E-02 3.28E-02                     
  299-             3.28E-02 3.26E-02 3.25E-02 3.23E-02 3.22E-02 3.21E-02                     
  300-             3.19E-02 3.17E-02 3.16E-02 3.14E-02 3.12E-02 3.08E-02                     
  301-             3.06E-02 3.04E-02 3.02E-02 2.99E-02 2.97E-02 2.95E-02                     
  302-             2.93E-02 2.90E-02 2.85E-02 2.82E-02 2.79E-02 2.77E-02                     
  303-             2.74E-02 2.71E-02 2.68E-02 2.65E-02 2.62E-02 2.59E-02                     
  304-             2.53E-02 2.50E-02 2.46E-02 2.43E-02 2.40E-02 2.37E-02                     
  305-             2.34E-02 2.30E-02 2.27E-02 2.21E-02 2.17E-02 2.14E-02                     
  306-             2.11E-02 2.08E-02 2.05E-02 2.01E-02 1.98E-02 1.95E-02                     
  307-             1.88E-02 1.85E-02 1.81E-02 1.78E-02 1.75E-02 1.72E-02                     
  308-             1.68E-02 1.65E-02 1.59E-02 1.56E-02 1.52E-02 1.49E-02                     
  309-             1.46E-02 1.43E-02 1.40E-02 1.36E-02 1.30E-02 1.27E-02                     
  310-             1.25E-02 1.21E-02 1.19E-02 1.15E-02 1.13E-02 1.09E-02                     
  311-             1.03E-02 1.01E-02 9.80E-03 9.54E-03 9.21E-03 8.94E-03                     
  312-             8.68E-03 8.41E-03 7.88E-03 7.62E-03 7.35E-03 7.15E-03                     
  313-             6.89E-03 6.62E-03 6.41E-03 3.95E-03 3.78E-03 3.62E-03                     
  314-             3.46E-03 3.30E-03 3.15E-03 2.87E-03 2.74E-03 2.61E-03                     
  315-             2.48E-03 2.36E-03 2.25E-03 2.15E-03 1.94E-03 1.85E-03                     
  316-             1.76E-03 1.68E-03 1.60E-03 1.52E-03 1.45E-03 1.32E-03                     
  317-             1.26E-03 1.20E-03 1.15E-03 1.10E-03 1.05E-03 1.01E-03                     
  318-             9.34E-04 9.01E-04 8.68E-04                                                
  319-       E0    1.00e-09 1.26e-09 1.58e-09 2.00e-09 2.51e-09 3.16e-09                     
  320-             3.98e-09 5.01e-09 6.31e-09 7.94e-09 1.00e-08 1.26e-08                     
  321-             1.58e-08 2.00e-08 2.51e-08 3.16e-08 3.98e-08 5.01e-08                     
  322-             6.31e-08 7.94e-08 1.00e-07 1.26e-07 1.58e-07 2.00e-07                     
  323-             2.51e-07 3.16e-07 3.98e-07 5.01e-07 6.31e-07 7.94e-07                     
  324-             1.00e-06 1.26e-06 1.58e-06 2.00e-06 2.51e-06 3.16e-06                     
  325-             3.98e-06 5.01e-06 6.31e-06 7.94e-06 1.00e-05 1.26e-05                     
  326-             1.58e-05 2.00e-05 2.51e-05 3.16e-05 3.98e-05 5.01e-05                     
  327-             6.31e-05 7.94e-05 1.00e-04 1.26e-04 1.58e-04 2.00e-04                     
  328-             2.51e-04 3.16e-04 3.98e-04 5.01e-04 6.31e-04 7.94e-04                     
  329-             1.00e-03 1.26e-03 1.58e-03 2.00e-03 2.51e-03 3.16e-03                     
  330-             3.98e-03 5.01e-03 6.31e-03 7.94e-03 1.00e-02 1.26e-02                     
  331-             1.58e-02 2.00e-02 2.51e-02 3.16e-02 3.98e-02 5.01e-02                     
  332-             6.31e-02 7.94e-02 1.00e-01 1.26e-01 1.58e-01 2.00e-01                     
  333-             2.51e-01 3.16e-01 3.98e-01 5.01e-01 6.31e-01 7.94e-01                     
  334-             1.00e+00 1.26e+00 1.58e+00 2.00e+00 2.51e+00 3.16e+00                     
  335-             3.98e+00 5.01e+00 6.31e+00 7.94e+00 1.00e+01 1.26e+01                     
  336-             1.58e+01                                                                  
  337-       F4:P 3                                                                          
  338-       F14:N 3                                                                         
  339-       F24:P 4                                                                         
  340-       F34:N 4                                                                         
  341-       F44:P 5                                                                         
  342-       F54:N 5                                                                         
  343-       M1 1001 -0.143716 6000 -0.856284 $ hydrogen and carbon                          
 warning.  material   1 is not used in the problem.
  344-       nps 1000000000                                                                  
 
 warning.  no cross-section tables are called for in this problem.
1cells                                                                                                  print table 60

                      atom        gram                                     neutron    photon     photon wt             
        cell  mat    density     density     volume       mass     pieces importance importance generation             

     1     1    0  0.00000E+00 0.00000E+00 4.18879E+00 0.00000E+00     1  1.0000E+00 1.0000E+00 -1.000E+00             
     2     2    0  0.00000E+00 0.00000E+00 0.00000E+00 0.00000E+00     0  1.0000E+00 1.0000E+00 -1.000E+00             
     3     3    0  0.00000E+00 0.00000E+00 2.70000E+01 0.00000E+00     0  1.0000E+00 1.0000E+00 -1.000E+00             
     4     4    0  0.00000E+00 0.00000E+00 2.70000E+01 0.00000E+00     0  1.0000E+00 1.0000E+00 -1.000E+00             
     5     5    0  0.00000E+00 0.00000E+00 2.70000E+01 0.00000E+00     0  1.0000E+00 1.0000E+00 -1.000E+00             
     6     6    0  0.00000E+00 0.00000E+00 0.00000E+00 0.00000E+00     0  0.0000E+00 0.0000E+00 -1.000E+00             

 total                                     8.51888E+01 0.00000E+00

    minimum source weight = 1.0000E+00    maximum source weight = 1.0000E+00

         2 warning messages so far.





 decimal words of dynamically allocated storage

     general              37183
     tallies              23368
     bank                  4202
     cross sections           0

     total                55003     =      440024 bytes

     available (mdas)   4000000

 ***********************************************************************************************************************
 dump no.    1 on file runtpe       nps =         0     coll =              0     ctm =    0.00     nrn =              0


         2 warning messages so far.
1problem summary                                                                                                       

      run terminated when1000000000 particle histories were done.
+                                                                                                                      
      Polyethylene sphere                                                                  probid =                    
0
 neutron creation    tracks      weight        energy            neutron loss        tracks      weight        energy
                                 (per source particle)                                           (per source particle)

 source          1000000000    1.0000E+00    4.9154E+00          escape          1000000000    1.0000E+00    4.9154E+00
                                                                 energy cutoff            0    0.            0.        
                                                                 time cutoff              0    0.            0.        
 weight window            0    0.            0.                  weight window            0    0.            0.        
 cell importance          0    0.            0.                  cell importance          0    0.            0.        
 weight cutoff            0    0.            0.                  weight cutoff            0    0.            0.        
 energy importance        0    0.            0.                  energy importance        0    0.            0.        
 dxtran                   0    0.            0.                  dxtran                   0    0.            0.        
 forced collisions        0    0.            0.                  forced collisions        0    0.            0.        
 exp. transform           0    0.            0.                  exp. transform           0    0.            0.        
 upscattering             0    0.            0.                  downscattering           0    0.            0.        
                                                                 capture                  0    0.            0.        
 (n,xn)                   0    0.            0.                  loss to (n,xn)           0    0.            0.        
 fission                  0    0.            0.                  loss to fission          0    0.            0.        
     total       1000000000    1.0000E+00    4.9154E+00              total       1000000000    1.0000E+00    4.9154E+00

   number of neutrons banked                       0        average time of (shakes)              cutoffs
   neutron tracks per source particle     1.0000E+00          escape            1.2183E+00          tco   1.0000+120
   neutron collisions per source particle 0.0000E+00          capture           0.0000E+00          eco   0.0000E+00
   total neutron collisions                        0          capture or escape 1.2183E+00          wc1  -5.0000E-01
   net multiplication              1.0000E+00 0.0000          any termination   1.2183E+00          wc2  -2.5000E-01
0
 photon creation     tracks      weight        energy            photon loss         tracks      weight        energy
                                 (per source particle)                                           (per source particle)

 source                   0    0.            0.                  escape                   0    0.            0.        
                                                                 energy cutoff            0    0.            0.        
                                                                 time cutoff              0    0.            0.        
 weight window            0    0.            0.                  weight window            0    0.            0.        
 cell importance          0    0.            0.                  cell importance          0    0.            0.        
 weight cutoff            0    0.            0.                  weight cutoff            0    0.            0.        
 energy importance        0    0.            0.                  energy importance        0    0.            0.        
 dxtran                   0    0.            0.                  dxtran                   0    0.            0.        
 forced collisions        0    0.            0.                  forced collisions        0    0.            0.        
 exp. transform           0    0.            0.                  exp. transform           0    0.            0.        
 from neutrons            0    0.            0.                  compton scatter          0    0.            0.        
 bremsstrahlung           0    0.            0.                  capture                  0    0.            0.        
 p-annihilation           0    0.            0.                  pair production          0    0.            0.        
 electron x-rays          0    0.            0.                                                                        
 1st fluorescence         0    0.            0.                                                                        
 2nd fluorescence         0    0.            0.                                                                        
     total                0    0.0000E+00    0.0000E+00              total                0    0.0000E+00    0.0000E+00

   number of photons banked                        0        average time of (shakes)              cutoffs
   photon tracks per source particle      0.0000E+00          escape            0.0000E+00          tco   1.0000+120
   photon collisions per source particle  0.0000E+00          capture           0.0000E+00          eco   1.0000E-03
   total photon collisions                         0          capture or escape 0.0000E+00          wc1  -5.0000E-01
                                                              any termination   0.0000E+00          wc2  -2.5000E-01

 computer time so far in this run     0.00 minutes            maximum number ever in bank         0
 computer time in mcrun               0.00 minutes            bank overflows to backup file       0
 source particles per minute            6.0000E+10            dynamic storage     55007 words,     440056 bytes.
 random numbers generated               3546468436            most random numbers used was       31 in history170860426
 
 warning.  random number period exceeded.  decrease stride.

 range of sampled source weights = 1.0000E+00 to 1.0000E+00
1neutron  activity in each cell                                                                         print table 126

                 tracks     population   collisions   collisions     number        flux        average      average
        cell    entering                               * weight     weighted     weighted   track weight   track mfp
                                                    (per history)    energy       energy     (relative)      (cm)

     1     1  1000000000   1000000000            0    0.0000E+00   3.7945E+00   4.9154E+00   1.0000E+00   0.0000E+00
     2     2  1247694522   1000000000            0    0.0000E+00   3.7945E+00   4.9155E+00   1.0000E+00   0.0000E+00
     3     3   243399342    243399342            0    0.0000E+00   3.7942E+00   4.9152E+00   1.0000E+00   0.0000E+00
     4     4     3152419      3152419            0    0.0000E+00   3.7946E+00   4.9157E+00   1.0000E+00   0.0000E+00
     5     5     1142761      1142761            0    0.0000E+00   3.7936E+00   4.9153E+00   1.0000E+00   0.0000E+00

     total    2495389044   2247694522            0    0.0000E+00
1photon   activity in each cell                                                                         print table 126

                 tracks     population   collisions   collisions     number        flux        average      average
        cell    entering                               * weight     weighted     weighted   track weight   track mfp
                                                    (per history)    energy       energy     (relative)      (cm)

     1     1           0            0            0    0.0000E+00   0.0000E+00   0.0000E+00   0.0000E+00   0.0000E+00
     2     2           0            0            0    0.0000E+00   0.0000E+00   0.0000E+00   0.0000E+00   0.0000E+00
     3     3           0            0            0    0.0000E+00   0.0000E+00   0.0000E+00   0.0000E+00   0.0000E+00
     4     4           0            0            0    0.0000E+00   0.0000E+00   0.0000E+00   0.0000E+00   0.0000E+00
     5     5           0            0            0    0.0000E+00   0.0000E+00   0.0000E+00   0.0000E+00   0.0000E+00

     total             0            0            0    0.0000E+00
1summary of photons produced in neutron collisions


 no photons produced.
1tally  14        nps =*********
           tally type 4    track length estimate of particle flux.      units   1/cm**2   
           tally for  neutrons 

           volumes 
                   cell:       3                                                                                   
                         2.70000E+01
 
 cell  3                                                                                                               
      energy
    1.0000E-09   0.00000E+00 0.0000
    1.2600E-09   0.00000E+00 0.0000
    1.5800E-09   0.00000E+00 0.0000
    2.0000E-09   0.00000E+00 0.0000
    2.5100E-09   0.00000E+00 0.0000
    3.1600E-09   0.00000E+00 0.0000
    3.9800E-09   0.00000E+00 0.0000
    5.0100E-09   0.00000E+00 0.0000
    6.3100E-09   0.00000E+00 0.0000
    7.9400E-09   0.00000E+00 0.0000
    1.0000E-08   0.00000E+00 0.0000
    1.2600E-08   0.00000E+00 0.0000
    1.5800E-08   0.00000E+00 0.0000
    2.0000E-08   0.00000E+00 0.0000
    2.5100E-08   0.00000E+00 0.0000
    3.1600E-08   0.00000E+00 0.0000
    3.9800E-08   0.00000E+00 0.0000
    5.0100E-08   0.00000E+00 0.0000
    6.3100E-08   0.00000E+00 0.0000
    7.9400E-08   0.00000E+00 0.0000
    1.0000E-07   0.00000E+00 0.0000
    1.2600E-07   0.00000E+00 0.0000
    1.5800E-07   0.00000E+00 0.0000
    2.0000E-07   0.00000E+00 0.0000
    2.5100E-07   0.00000E+00 0.0000
    3.1600E-07   0.00000E+00 0.0000
    3.9800E-07   0.00000E+00 0.0000
    5.0100E-07   0.00000E+00 0.0000
    6.3100E-07   0.00000E+00 0.0000
    7.9400E-07   0.00000E+00 0.0000
    1.0000E-06   0.00000E+00 0.0000
    1.2600E-06   0.00000E+00 0.0000
    1.5800E-06   0.00000E+00 0.0000
    2.0000E-06   0.00000E+00 0.0000
    2.5100E-06   0.00000E+00 0.0000
    3.1600E-06   0.00000E+00 0.0000
    3.9800E-06   0.00000E+00 0.0000
    5.0100E-06   0.00000E+00 0.0000
    6.3100E-06   0.00000E+00 0.0000
    7.9400E-06   0.00000E+00 0.0000
    1.0000E-05   0.00000E+00 0.0000
    1.2600E-05   0.00000E+00 0.0000
    1.5800E-05   0.00000E+00 0.0000
    2.0000E-05   0.00000E+00 0.0000
    2.5100E-05   0.00000E+00 0.0000
    3.1600E-05   0.00000E+00 0.0000
    3.9800E-05   0.00000E+00 0.0000
    5.0100E-05   0.00000E+00 0.0000
    6.3100E-05   0.00000E+00 0.0000
    7.9400E-05   0.00000E+00 0.0000
    1.0000E-04   0.00000E+00 0.0000
    1.2600E-04   0.00000E+00 0.0000
    1.5800E-04   0.00000E+00 0.0000
    2.0000E-04   0.00000E+00 0.0000
    2.5100E-04   0.00000E+00 0.0000
    3.1600E-04   0.00000E+00 0.0000
    3.9800E-04   0.00000E+00 0.0000
    5.0100E-04   0.00000E+00 0.0000
    6.3100E-04   0.00000E+00 0.0000
    7.9400E-04   0.00000E+00 0.0000
    1.0000E-03   0.00000E+00 0.0000
    1.2600E-03   0.00000E+00 0.0000
    1.5800E-03   0.00000E+00 0.0000
    2.0000E-03   0.00000E+00 0.0000
    2.5100E-03   0.00000E+00 0.0000
    3.1600E-03   0.00000E+00 0.0000
    3.9800E-03   0.00000E+00 0.0000
    5.0100E-03   0.00000E+00 0.0000
    6.3100E-03   0.00000E+00 0.0000
    7.9400E-03   0.00000E+00 0.0000
    1.0000E-02   0.00000E+00 0.0000
    1.2600E-02   0.00000E+00 0.0000
    1.5800E-02   0.00000E+00 0.0000
    2.0000E-02   0.00000E+00 0.0000
    2.5100E-02   0.00000E+00 0.0000
    3.1600E-02   0.00000E+00 0.0000
    3.9800E-02   0.00000E+00 0.0000
    5.0100E-02   0.00000E+00 0.0000
    6.3100E-02   0.00000E+00 0.0000
    7.9400E-02   0.00000E+00 0.0000
    1.0000E-01   1.36071E-05 0.0025
    1.2600E-01   1.76038E-05 0.0022
    1.5800E-01   3.72824E-05 0.0015
    2.0000E-01   6.44844E-05 0.0011
    2.5100E-01   6.75679E-05 0.0011
    3.1600E-01   9.06498E-05 0.0010
    3.9800E-01   1.10434E-04 0.0009
    5.0100E-01   1.39341E-04 0.0008
    6.3100E-01   1.46624E-04 0.0007
    7.9400E-01   1.60835E-04 0.0007
    1.0000E+00   1.97606E-04 0.0006
    1.2600E+00   2.11145E-04 0.0006
    1.5800E+00   2.58489E-04 0.0006
    2.0000E+00   3.70688E-04 0.0005
    2.5100E+00   4.33412E-04 0.0004
    3.1600E+00   1.06441E-03 0.0003
    3.9800E+00   1.65861E-03 0.0002
    5.0100E+00   2.05901E-03 0.0002
    6.3100E+00   2.14489E-03 0.0002
    7.9400E+00   2.44697E-03 0.0002
    1.0000E+01   1.55631E-03 0.0002
    1.2600E+01   1.95905E-04 0.0006
    1.5800E+01   0.00000E+00 0.0000
      total      1.34459E-02 0.0001
1analysis of the results in the tally fluctuation chart bin (tfc) for tally  14 with nps =1000000000    print table 160


 normed average tally per history  = 1.34459E-02          unnormed average tally per history  = 3.63038E-01
 estimated tally relative error    = 0.0000               estimated variance of the variance  = 0.0000
 relative error from zero tallies  = 0.0001               relative error from nonzero scores  = 0.0000

 number of nonzero history tallies =   243399342          efficiency for the nonzero tallies  = 0.2434
 history number of largest  tally  =   326029297          largest  unnormalized history tally = 3.39573E+00
 (largest  tally)/(average tally)  = 9.35363E+00          (largest  tally)/(avg nonzero tally)= 2.27667E+00

 (confidence interval shift)/mean  = 0.0000               shifted confidence interval center  = 1.34459E-02


 if the largest  history score sampled so far were to occur on the next history, the tfc bin quantities would change as follows:

      estimated quantities           value at nps           value at nps+1           value(nps+1)/value(nps)-1.

      mean                            1.34459E-02             1.34459E-02                     0.000000
      relative error                  0.00000E+00             0.00000E+00                     0.000000
      variance of the variance        0.00000E+00             0.00000E+00                     0.000000
      shifted center                  1.34459E-02             1.34459E-02                     0.000000
      figure of merit                 1.00000E+30             1.00000E+30                     0.000000

 the 100 largest  history tallies appear to have a  maximum value of about 3.39573E+00
 the large score tail of the empirical history score probability density function appears to have no unsampled regions.


 ===================================================================================================================================

           results of 10 statistical checks for the estimated answer for the tally fluctuation chart (tfc) bin of tally  14

 tfc bin     --mean--      ---------relative error---------      ----variance of the variance----      --figure of merit--     -pdf-
 behavior    behavior      value   decrease   decrease rate      value   decrease   decrease rate       value     behavior     slope

 desired      random       <0.10      yes      1/sqrt(nps)       <0.10      yes        1/nps           constant    random      >3.00
 observed     random        0.00      yes          yes            0.00      yes         yes            constant    random      10.00
 passed?        yes          yes      yes          yes             yes      yes         yes               yes        yes         yes

 ===================================================================================================================================




 this tally meets the statistical criteria used to form confidence intervals: check the tally fluctuation chart to verify.
 the results in other bins associated with this tally may not meet these statistical criteria.

 estimated asymmetric confidence interval(1,2,3 sigma): 1.3446E-02 to 1.3446E-02; 1.3446E-02 to 1.3446E-02; 1.3446E-02 to 1.3446E-02
 estimated  symmetric confidence interval(1,2,3 sigma): 1.3446E-02 to 1.3446E-02; 1.3446E-02 to 1.3446E-02; 1.3446E-02 to 1.3446E-02

 fom = (histories/minute)*(f(x) signal-to-noise ratio)**2 = (6.000E+10)*( 4.082E+09)**2 = (6.000E+10)*(1.667E+19) = 1.000E+30
1tally  34        nps =*********
           tally type 4    track length estimate of particle flux.      units   1/cm**2   
           tally for  neutrons 

           volumes 
                   cell:       4                                                                                   
                         2.70000E+01
 
 cell  4                                                                                                               
      energy
    1.0000E-09   0.00000E+00 0.0000
    1.2600E-09   0.00000E+00 0.0000
    1.5800E-09   0.00000E+00 0.0000
    2.0000E-09   0.00000E+00 0.0000
    2.5100E-09   0.00000E+00 0.0000
    3.1600E-09   0.00000E+00 0.0000
    3.9800E-09   0.00000E+00 0.0000
    5.0100E-09   0.00000E+00 0.0000
    6.3100E-09   0.00000E+00 0.0000
    7.9400E-09   0.00000E+00 0.0000
    1.0000E-08   0.00000E+00 0.0000
    1.2600E-08   0.00000E+00 0.0000
    1.5800E-08   0.00000E+00 0.0000
    2.0000E-08   0.00000E+00 0.0000
    2.5100E-08   0.00000E+00 0.0000
    3.1600E-08   0.00000E+00 0.0000
    3.9800E-08   0.00000E+00 0.0000
    5.0100E-08   0.00000E+00 0.0000
    6.3100E-08   0.00000E+00 0.0000
    7.9400E-08   0.00000E+00 0.0000
    1.0000E-07   0.00000E+00 0.0000
    1.2600E-07   0.00000E+00 0.0000
    1.5800E-07   0.00000E+00 0.0000
    2.0000E-07   0.00000E+00 0.0000
    2.5100E-07   0.00000E+00 0.0000
    3.1600E-07   0.00000E+00 0.0000
    3.9800E-07   0.00000E+00 0.0000
    5.0100E-07   0.00000E+00 0.0000
    6.3100E-07   0.00000E+00 0.0000
    7.9400E-07   0.00000E+00 0.0000
    1.0000E-06   0.00000E+00 0.0000
    1.2600E-06   0.00000E+00 0.0000
    1.5800E-06   0.00000E+00 0.0000
    2.0000E-06   0.00000E+00 0.0000
    2.5100E-06   0.00000E+00 0.0000
    3.1600E-06   0.00000E+00 0.0000
    3.9800E-06   0.00000E+00 0.0000
    5.0100E-06   0.00000E+00 0.0000
    6.3100E-06   0.00000E+00 0.0000
    7.9400E-06   0.00000E+00 0.0000
    1.0000E-05   0.00000E+00 0.0000
    1.2600E-05   0.00000E+00 0.0000
    1.5800E-05   0.00000E+00 0.0000
    2.0000E-05   0.00000E+00 0.0000
    2.5100E-05   0.00000E+00 0.0000
    3.1600E-05   0.00000E+00 0.0000
    3.9800E-05   0.00000E+00 0.0000
    5.0100E-05   0.00000E+00 0.0000
    6.3100E-05   0.00000E+00 0.0000
    7.9400E-05   0.00000E+00 0.0000
    1.0000E-04   0.00000E+00 0.0000
    1.2600E-04   0.00000E+00 0.0000
    1.5800E-04   0.00000E+00 0.0000
    2.0000E-04   0.00000E+00 0.0000
    2.5100E-04   0.00000E+00 0.0000
    3.1600E-04   0.00000E+00 0.0000
    3.9800E-04   0.00000E+00 0.0000
    5.0100E-04   0.00000E+00 0.0000
    6.3100E-04   0.00000E+00 0.0000
    7.9400E-04   0.00000E+00 0.0000
    1.0000E-03   0.00000E+00 0.0000
    1.2600E-03   0.00000E+00 0.0000
    1.5800E-03   0.00000E+00 0.0000
    2.0000E-03   0.00000E+00 0.0000
    2.5100E-03   0.00000E+00 0.0000
    3.1600E-03   0.00000E+00 0.0000
    3.9800E-03   0.00000E+00 0.0000
    5.0100E-03   0.00000E+00 0.0000
    6.3100E-03   0.00000E+00 0.0000
    7.9400E-03   0.00000E+00 0.0000
    1.0000E-02   0.00000E+00 0.0000
    1.2600E-02   0.00000E+00 0.0000
    1.5800E-02   0.00000E+00 0.0000
    2.0000E-02   0.00000E+00 0.0000
    2.5100E-02   0.00000E+00 0.0000
    3.1600E-02   0.00000E+00 0.0000
    3.9800E-02   0.00000E+00 0.0000
    5.0100E-02   0.00000E+00 0.0000
    6.3100E-02   0.00000E+00 0.0000
    7.9400E-02   0.00000E+00 0.0000
    1.0000E-01   3.00556E-07 0.0187
    1.2600E-01   3.78355E-07 0.0166
    1.5800E-01   8.03487E-07 0.0114
    2.0000E-01   1.40179E-06 0.0086
    2.5100E-01   1.47258E-06 0.0084
    3.1600E-01   1.98014E-06 0.0073
    3.9800E-01   2.41103E-06 0.0066
    5.0100E-01   3.03540E-06 0.0059
    6.3100E-01   3.23198E-06 0.0057
    7.9400E-01   3.52812E-06 0.0054
    1.0000E+00   4.29920E-06 0.0049
    1.2600E+00   4.58542E-06 0.0048
    1.5800E+00   5.63020E-06 0.0043
    2.0000E+00   8.03501E-06 0.0036
    2.5100E+00   9.47453E-06 0.0033
    3.1600E+00   2.31994E-05 0.0021
    3.9800E+00   3.61347E-05 0.0017
    5.0100E+00   4.49192E-05 0.0015
    6.3100E+00   4.67488E-05 0.0015
    7.9400E+00   5.33064E-05 0.0014
    1.0000E+01   3.40158E-05 0.0018
    1.2600E+01   4.25038E-06 0.0050
    1.5800E+01   0.00000E+00 0.0000
      total      2.93142E-04 0.0006
1analysis of the results in the tally fluctuation chart bin (tfc) for tally  34 with nps =1000000000    print table 160


 normed average tally per history  = 2.93142E-04          unnormed average tally per history  = 7.91485E-03
 estimated tally relative error    = 0.0006               estimated variance of the variance  = 0.0000
 relative error from zero tallies  = 0.0006               relative error from nonzero scores  = 0.0002

 number of nonzero history tallies =     3152419          efficiency for the nonzero tallies  = 0.0032
 history number of largest  tally  =   956737231          largest  unnormalized history tally = 3.02076E+00
 (largest  tally)/(average tally)  = 3.81657E+02          (largest  tally)/(avg nonzero tally)= 1.20314E+00

 (confidence interval shift)/mean  = 0.0000               shifted confidence interval center  = 2.93143E-04


 if the largest  history score sampled so far were to occur on the next history, the tfc bin quantities would change as follows:

      estimated quantities           value at nps           value at nps+1           value(nps+1)/value(nps)-1.

      mean                            2.93142E-04             2.93143E-04                     0.000000
      relative error                  5.96725E-04             5.96724E-04                    -0.000000
      variance of the variance        3.81934E-07             3.81934E-07                    -0.000000
      shifted center                  2.93143E-04             2.93143E-04                     0.000000
      figure of merit                 0.00000E+00             0.00000E+00                     0.000000

 the 100 largest  history tallies appear to have a  maximum value of about 3.02076E+00
 the large score tail of the empirical history score probability density function appears to have no unsampled regions.


 ===================================================================================================================================

           results of 10 statistical checks for the estimated answer for the tally fluctuation chart (tfc) bin of tally  34

 tfc bin     --mean--      ---------relative error---------      ----variance of the variance----      --figure of merit--     -pdf-
 behavior    behavior      value   decrease   decrease rate      value   decrease   decrease rate       value     behavior     slope

 desired      random       <0.10      yes      1/sqrt(nps)       <0.10      yes        1/nps           constant    random      >3.00
 observed     random        0.00      yes          yes            0.00      yes         yes            decrease   decrease     10.00
 passed?        yes          yes      yes          yes             yes      yes         yes                no         no         yes

 ===================================================================================================================================


 warning.  the tally in the tally fluctuation chart bin did not pass  2 of the 10 statistical checks.

 fom = (histories/minute)*(f(x) signal-to-noise ratio)**2 = (6.000E+10)*( 0.000E+00)**2 = (6.000E+10)*(0.000E+00) = 0.000E+00
1unnormed tally density for tally  34            nonzero tally mean(m) = 2.511E+00   nps =1000000000    print table 161

 abscissa              ordinate   log plot of tally probability density function in tally fluctuation chart bin(d=decade,slope=10.0)
  tally  number num den log den:d------------------------------------------------------------------------d--------------------------
 2.51-06      1 1.08-03  -2.967 **************************************************************           |                          
 3.98-06      0 0.00+00   0.000                                                                          |                          
 6.31-06      1 4.29-04  -3.367 ********************************                                         |                          
 1.00-05      2 5.42-04  -3.266 ****************************************                                 |                          
 1.58-05      0 0.00+00   0.000                                                                          |                          
 2.51-05      3 3.24-04  -3.490 ***********************                                                  |                          
 3.98-05      6 4.08-04  -3.389 *******************************                                          |                          
 6.31-05     11 4.72-04  -3.326 ***********************************                                      |                          
 1.00-04      6 1.63-04  -3.789 *                                                                        |                          
 1.58-04     24 4.10-04  -3.387 *******************************                                          |                          
 2.51-04     37 3.99-04  -3.399 ******************************                                           |                          
 3.98-04     64 4.36-04  -3.361 *********************************                                        |                          
 6.31-04    103 4.42-04  -3.354 *********************************                                        |                          
 1.00-03    166 4.50-04  -3.347 **********************************                                       |                          
 1.58-03    249 4.26-04  -3.371 ********************************                                         |                          
 2.51-03    356 3.84-04  -3.416 *****************************                                            |                          
 3.98-03    583 3.97-04  -3.401 ******************************                                           |                          
 6.31-03   1015 4.36-04  -3.361 *********************************                                        |                          
 1.00-02   1453 3.94-04  -3.405 *****************************                                            |                          
 1.58-02   2445 4.18-04  -3.379 *******************************                                          |                          
 2.51-02   3783 4.08-04  -3.389 ******************************                                           |                          
 3.98-02   6036 4.11-04  -3.386 *******************************                                          |                          
 6.31-02   9609 4.13-04  -3.384 *******************************                                          |                          
 1.00-01  15076 4.09-04  -3.389 *******************************                                          |                          
 1.58-01  23570 4.03-04  -3.395 ******************************                                           |                          
 2.51-01  36915 3.98-04  -3.400 ******************************                                           |                          
 3.98-01  56940 3.88-04  -3.412 *****************************                                            |                          
 6.31-01  87456 3.76-04  -3.425 ****************************                                             |                          
 1.00+00 130698 3.54-04  -3.451 **************************                                               |                          
 1.58+00 189836 3.25-04  -3.489 ***********************                                                  |                          
 2.51+00 264132 2.85-04  -3.545 mmmmmmmmmmmmmmmmmmm                                                      |                          
 3.16+00 2.3+06 3.57-03  -2.447 *************************************************************************|**************************
  total 3152419 3.15-03         d------------------------------------------------------------------------d--------------------------
1tally  54        nps =*********
           tally type 4    track length estimate of particle flux.      units   1/cm**2   
           tally for  neutrons 

           volumes 
                   cell:       5                                                                                   
                         2.70000E+01
 
 cell  5                                                                                                               
      energy
    1.0000E-09   0.00000E+00 0.0000
    1.2600E-09   0.00000E+00 0.0000
    1.5800E-09   0.00000E+00 0.0000
    2.0000E-09   0.00000E+00 0.0000
    2.5100E-09   0.00000E+00 0.0000
    3.1600E-09   0.00000E+00 0.0000
    3.9800E-09   0.00000E+00 0.0000
    5.0100E-09   0.00000E+00 0.0000
    6.3100E-09   0.00000E+00 0.0000
    7.9400E-09   0.00000E+00 0.0000
    1.0000E-08   0.00000E+00 0.0000
    1.2600E-08   0.00000E+00 0.0000
    1.5800E-08   0.00000E+00 0.0000
    2.0000E-08   0.00000E+00 0.0000
    2.5100E-08   0.00000E+00 0.0000
    3.1600E-08   0.00000E+00 0.0000
    3.9800E-08   0.00000E+00 0.0000
    5.0100E-08   0.00000E+00 0.0000
    6.3100E-08   0.00000E+00 0.0000
    7.9400E-08   0.00000E+00 0.0000
    1.0000E-07   0.00000E+00 0.0000
    1.2600E-07   0.00000E+00 0.0000
    1.5800E-07   0.00000E+00 0.0000
    2.0000E-07   0.00000E+00 0.0000
    2.5100E-07   0.00000E+00 0.0000
    3.1600E-07   0.00000E+00 0.0000
    3.9800E-07   0.00000E+00 0.0000
    5.0100E-07   0.00000E+00 0.0000
    6.3100E-07   0.00000E+00 0.0000
    7.9400E-07   0.00000E+00 0.0000
    1.0000E-06   0.00000E+00 0.0000
    1.2600E-06   0.00000E+00 0.0000
    1.5800E-06   0.00000E+00 0.0000
    2.0000E-06   0.00000E+00 0.0000
    2.5100E-06   0.00000E+00 0.0000
    3.1600E-06   0.00000E+00 0.0000
    3.9800E-06   0.00000E+00 0.0000
    5.0100E-06   0.00000E+00 0.0000
    6.3100E-06   0.00000E+00 0.0000
    7.9400E-06   0.00000E+00 0.0000
    1.0000E-05   0.00000E+00 0.0000
    1.2600E-05   0.00000E+00 0.0000
    1.5800E-05   0.00000E+00 0.0000
    2.0000E-05   0.00000E+00 0.0000
    2.5100E-05   0.00000E+00 0.0000
    3.1600E-05   0.00000E+00 0.0000
    3.9800E-05   0.00000E+00 0.0000
    5.0100E-05   0.00000E+00 0.0000
    6.3100E-05   0.00000E+00 0.0000
    7.9400E-05   0.00000E+00 0.0000
    1.0000E-04   0.00000E+00 0.0000
    1.2600E-04   0.00000E+00 0.0000
    1.5800E-04   0.00000E+00 0.0000
    2.0000E-04   0.00000E+00 0.0000
    2.5100E-04   0.00000E+00 0.0000
    3.1600E-04   0.00000E+00 0.0000
    3.9800E-04   0.00000E+00 0.0000
    5.0100E-04   0.00000E+00 0.0000
    6.3100E-04   0.00000E+00 0.0000
    7.9400E-04   0.00000E+00 0.0000
    1.0000E-03   0.00000E+00 0.0000
    1.2600E-03   0.00000E+00 0.0000
    1.5800E-03   0.00000E+00 0.0000
    2.0000E-03   0.00000E+00 0.0000
    2.5100E-03   0.00000E+00 0.0000
    3.1600E-03   0.00000E+00 0.0000
    3.9800E-03   0.00000E+00 0.0000
    5.0100E-03   0.00000E+00 0.0000
    6.3100E-03   0.00000E+00 0.0000
    7.9400E-03   0.00000E+00 0.0000
    1.0000E-02   0.00000E+00 0.0000
    1.2600E-02   0.00000E+00 0.0000
    1.5800E-02   0.00000E+00 0.0000
    2.0000E-02   0.00000E+00 0.0000
    2.5100E-02   0.00000E+00 0.0000
    3.1600E-02   0.00000E+00 0.0000
    3.9800E-02   0.00000E+00 0.0000
    5.0100E-02   0.00000E+00 0.0000
    6.3100E-02   0.00000E+00 0.0000
    7.9400E-02   0.00000E+00 0.0000
    1.0000E-01   1.15119E-07 0.0304
    1.2600E-01   1.45475E-07 0.0271
    1.5800E-01   3.07618E-07 0.0186
    2.0000E-01   5.43283E-07 0.0140
    2.5100E-01   5.68763E-07 0.0137
    3.1600E-01   7.72372E-07 0.0118
    3.9800E-01   9.29559E-07 0.0107
    5.0100E-01   1.18833E-06 0.0095
    6.3100E-01   1.27048E-06 0.0092
    7.9400E-01   1.36846E-06 0.0088
    1.0000E+00   1.67068E-06 0.0080
    1.2600E+00   1.77454E-06 0.0078
    1.5800E+00   2.17998E-06 0.0070
    2.0000E+00   3.11292E-06 0.0059
    2.5100E+00   3.66489E-06 0.0054
    3.1600E+00   8.93779E-06 0.0035
    3.9800E+00   1.40282E-05 0.0028
    5.0100E+00   1.73686E-05 0.0025
    6.3100E+00   1.80919E-05 0.0024
    7.9400E+00   2.07073E-05 0.0023
    1.0000E+01   1.31559E-05 0.0029
    1.2600E+01   1.64009E-06 0.0081
    1.5800E+01   0.00000E+00 0.0000
      total      1.13542E-04 0.0010
1analysis of the results in the tally fluctuation chart bin (tfc) for tally  54 with nps =1000000000    print table 160


 normed average tally per history  = 1.13542E-04          unnormed average tally per history  = 3.06564E-03
 estimated tally relative error    = 0.0010               estimated variance of the variance  = 0.0000
 relative error from zero tallies  = 0.0009               relative error from nonzero scores  = 0.0003

 number of nonzero history tallies =     1142761          efficiency for the nonzero tallies  = 0.0011
 history number of largest  tally  =   822679013          largest  unnormalized history tally = 3.00858E+00
 (largest  tally)/(average tally)  = 9.81387E+02          (largest  tally)/(avg nonzero tally)= 1.12149E+00

 (confidence interval shift)/mean  = 0.0000               shifted confidence interval center  = 1.13542E-04


 if the largest  history score sampled so far were to occur on the next history, the tfc bin quantities would change as follows:

      estimated quantities           value at nps           value at nps+1           value(nps+1)/value(nps)-1.

      mean                            1.13542E-04             1.13542E-04                     0.000001
      relative error                  9.70392E-04             9.70391E-04                    -0.000000
      variance of the variance        9.84416E-07             9.84415E-07                    -0.000001
      shifted center                  1.13542E-04             1.13542E-04                     0.000000
      figure of merit                 0.00000E+00             0.00000E+00                     0.000001

 the 100 largest  history tallies appear to have a  maximum value of about 3.00858E+00
 the large score tail of the empirical history score probability density function appears to have no unsampled regions.


 ===================================================================================================================================

           results of 10 statistical checks for the estimated answer for the tally fluctuation chart (tfc) bin of tally  54

 tfc bin     --mean--      ---------relative error---------      ----variance of the variance----      --figure of merit--     -pdf-
 behavior    behavior      value   decrease   decrease rate      value   decrease   decrease rate       value     behavior     slope

 desired      random       <0.10      yes      1/sqrt(nps)       <0.10      yes        1/nps           constant    random      >3.00
 observed     random        0.00      yes          yes            0.00      yes         yes            decrease   decrease     10.00
 passed?        yes          yes      yes          yes             yes      yes         yes                no         no         yes

 ===================================================================================================================================


 warning.  the tally in the tally fluctuation chart bin did not pass  2 of the 10 statistical checks.

 fom = (histories/minute)*(f(x) signal-to-noise ratio)**2 = (6.000E+10)*( 0.000E+00)**2 = (6.000E+10)*(0.000E+00) = 0.000E+00
1unnormed tally density for tally  54            nonzero tally mean(m) = 2.683E+00   nps =1000000000    print table 161

 abscissa              ordinate   log plot of tally probability density function in tally fluctuation chart bin(d=decade,slope=10.0)
  tally  number num den log den:d-----------------------------------------------------------------d---------------------------------
 1.26-05      1 3.86-04  -3.413 *************************************************************     |                                 
 1.58-05      1 3.07-04  -3.513 *******************************************************           |                                 
 2.00-05      1 2.44-04  -3.613 ************************************************                  |                                 
 2.51-05      1 1.94-04  -3.713 *****************************************                         |                                 
 3.16-05      1 1.54-04  -3.813 ***********************************                               |                                 
 3.98-05      0 0.00+00   0.000                                                                   |                                 
 5.01-05      0 0.00+00   0.000                                                                   |                                 
 6.31-05      4 3.08-04  -3.511 *******************************************************           |                                 
 7.94-05      2 1.22-04  -3.912 ****************************                                      |                                 
 1.00-04      1 4.86-05  -4.313 *                                                                 |                                 
 1.26-04      2 7.72-05  -4.112 **************                                                    |                                 
 1.58-04      2 6.14-05  -4.212 ********                                                          |                                 
 2.00-04      2 4.87-05  -4.312 *                                                                 |                                 
 2.51-04      9 1.74-04  -3.759 **************************************                            |                                 
 3.16-04      8 1.23-04  -3.910 ****************************                                      |                                 
 3.98-04      4 4.89-05  -4.311 *                                                                 |                                 
 5.01-04     12 1.16-04  -3.934 **************************                                        |                                 
 6.31-04     11 8.48-05  -4.072 *****************                                                 |                                 
 7.94-04     19 1.16-04  -3.934 **************************                                        |                                 
 1.00-03     16 7.78-05  -4.109 ***************                                                   |                                 
 1.26-03     16 6.18-05  -4.209 ********                                                          |                                 
 1.58-03     30 9.20-05  -4.036 ********************                                              |                                 
 2.00-03     33 8.04-05  -4.095 ****************                                                  |                                 
 2.51-03     44 8.52-05  -4.070 *****************                                                 |                                 
 3.16-03     49 7.53-05  -4.123 **************                                                    |                                 
 3.98-03     82 1.00-04  -3.999 **********************                                            |                                 
 5.01-03    101 9.80-05  -4.009 *********************                                             |                                 
 6.31-03    132 1.02-04  -3.993 ***********************                                           |                                 
 7.94-03    149 9.12-05  -4.040 *******************                                               |                                 
 1.00-02    170 8.27-05  -4.083 ****************                                                  |                                 
 1.26-02    220 8.50-05  -4.071 *****************                                                 |                                 
 1.58-02    297 9.11-05  -4.040 *******************                                               |                                 
 2.00-02    375 9.14-05  -4.039 *******************                                               |                                 
 2.51-02    466 9.02-05  -4.045 *******************                                               |                                 
 3.16-02    589 9.06-05  -4.043 *******************                                               |                                 
 3.98-02    718 8.77-05  -4.057 ******************                                                |                                 
 5.01-02    908 8.81-05  -4.055 ******************                                                |                                 
 6.31-02   1140 8.78-05  -4.056 ******************                                                |                                 
 7.94-02   1493 9.14-05  -4.039 *******************                                               |                                 
 1.00-01   1815 8.82-05  -4.054 ******************                                                |                                 
 1.26-01   2273 8.78-05  -4.057 ******************                                                |                                 
 1.58-01   2948 9.04-05  -4.044 *******************                                               |                                 
 2.00-01   3491 8.51-05  -4.070 *****************                                                 |                                 
 2.51-01   4483 8.68-05  -4.062 ******************                                                |                                 
 3.16-01   5738 8.82-05  -4.054 ******************                                                |                                 
 3.98-01   7075 8.64-05  -4.063 ******************                                                |                                 
 5.01-01   8929 8.66-05  -4.062 ******************                                                |                                 
 6.31-01  10937 8.43-05  -4.074 *****************                                                 |                                 
 7.94-01  13838 8.47-05  -4.072 *****************                                                 |                                 
 1.00+00  16985 8.26-05  -4.083 ****************                                                  |                                 
 1.26+00  20906 8.07-05  -4.093 ****************                                                  |                                 
 1.58+00  25264 7.75-05  -4.111 ***************                                                   |                                 
 2.00+00  30291 7.38-05  -4.132 *************                                                     |                                 
 2.51+00  35956 6.96-05  -4.157 ***********                                                       |                                 
 3.16+00 944723 1.45-03  -2.838 mmmmmmmmmmmmmmmmmmmmmmmmmmmmmmmmmmmmmmmmmmmmmmmmmmmmmmmmmmmmmmmmmm|mmmmmmmmmmmmmmmmmmmmmmmmmmmmmmmmm
  total 1142761 1.14-03         d-----------------------------------------------------------------d---------------------------------
1tally   4        nps =*********
           tally type 4    track length estimate of particle flux.      units   1/cm**2   
           tally for  photons  

           volumes 
                   cell:       3                                                                                   
                         2.70000E+01
 
 cell  3                                                                                                               
      energy
    1.0000E-09   0.00000E+00 0.0000
    1.2600E-09   0.00000E+00 0.0000
    1.5800E-09   0.00000E+00 0.0000
    2.0000E-09   0.00000E+00 0.0000
    2.5100E-09   0.00000E+00 0.0000
    3.1600E-09   0.00000E+00 0.0000
    3.9800E-09   0.00000E+00 0.0000
    5.0100E-09   0.00000E+00 0.0000
    6.3100E-09   0.00000E+00 0.0000
    7.9400E-09   0.00000E+00 0.0000
    1.0000E-08   0.00000E+00 0.0000
    1.2600E-08   0.00000E+00 0.0000
    1.5800E-08   0.00000E+00 0.0000
    2.0000E-08   0.00000E+00 0.0000
    2.5100E-08   0.00000E+00 0.0000
    3.1600E-08   0.00000E+00 0.0000
    3.9800E-08   0.00000E+00 0.0000
    5.0100E-08   0.00000E+00 0.0000
    6.3100E-08   0.00000E+00 0.0000
    7.9400E-08   0.00000E+00 0.0000
    1.0000E-07   0.00000E+00 0.0000
    1.2600E-07   0.00000E+00 0.0000
    1.5800E-07   0.00000E+00 0.0000
    2.0000E-07   0.00000E+00 0.0000
    2.5100E-07   0.00000E+00 0.0000
    3.1600E-07   0.00000E+00 0.0000
    3.9800E-07   0.00000E+00 0.0000
    5.0100E-07   0.00000E+00 0.0000
    6.3100E-07   0.00000E+00 0.0000
    7.9400E-07   0.00000E+00 0.0000
    1.0000E-06   0.00000E+00 0.0000
    1.2600E-06   0.00000E+00 0.0000
    1.5800E-06   0.00000E+00 0.0000
    2.0000E-06   0.00000E+00 0.0000
    2.5100E-06   0.00000E+00 0.0000
    3.1600E-06   0.00000E+00 0.0000
    3.9800E-06   0.00000E+00 0.0000
    5.0100E-06   0.00000E+00 0.0000
    6.3100E-06   0.00000E+00 0.0000
    7.9400E-06   0.00000E+00 0.0000
    1.0000E-05   0.00000E+00 0.0000
    1.2600E-05   0.00000E+00 0.0000
    1.5800E-05   0.00000E+00 0.0000
    2.0000E-05   0.00000E+00 0.0000
    2.5100E-05   0.00000E+00 0.0000
    3.1600E-05   0.00000E+00 0.0000
    3.9800E-05   0.00000E+00 0.0000
    5.0100E-05   0.00000E+00 0.0000
    6.3100E-05   0.00000E+00 0.0000
    7.9400E-05   0.00000E+00 0.0000
    1.0000E-04   0.00000E+00 0.0000
    1.2600E-04   0.00000E+00 0.0000
    1.5800E-04   0.00000E+00 0.0000
    2.0000E-04   0.00000E+00 0.0000
    2.5100E-04   0.00000E+00 0.0000
    3.1600E-04   0.00000E+00 0.0000
    3.9800E-04   0.00000E+00 0.0000
    5.0100E-04   0.00000E+00 0.0000
    6.3100E-04   0.00000E+00 0.0000
    7.9400E-04   0.00000E+00 0.0000
    1.0000E-03   0.00000E+00 0.0000
    1.2600E-03   0.00000E+00 0.0000
    1.5800E-03   0.00000E+00 0.0000
    2.0000E-03   0.00000E+00 0.0000
    2.5100E-03   0.00000E+00 0.0000
    3.1600E-03   0.00000E+00 0.0000
    3.9800E-03   0.00000E+00 0.0000
    5.0100E-03   0.00000E+00 0.0000
    6.3100E-03   0.00000E+00 0.0000
    7.9400E-03   0.00000E+00 0.0000
    1.0000E-02   0.00000E+00 0.0000
    1.2600E-02   0.00000E+00 0.0000
    1.5800E-02   0.00000E+00 0.0000
    2.0000E-02   0.00000E+00 0.0000
    2.5100E-02   0.00000E+00 0.0000
    3.1600E-02   0.00000E+00 0.0000
    3.9800E-02   0.00000E+00 0.0000
    5.0100E-02   0.00000E+00 0.0000
    6.3100E-02   0.00000E+00 0.0000
    7.9400E-02   0.00000E+00 0.0000
    1.0000E-01   0.00000E+00 0.0000
    1.2600E-01   0.00000E+00 0.0000
    1.5800E-01   0.00000E+00 0.0000
    2.0000E-01   0.00000E+00 0.0000
    2.5100E-01   0.00000E+00 0.0000
    3.1600E-01   0.00000E+00 0.0000
    3.9800E-01   0.00000E+00 0.0000
    5.0100E-01   0.00000E+00 0.0000
    6.3100E-01   0.00000E+00 0.0000
    7.9400E-01   0.00000E+00 0.0000
    1.0000E+00   0.00000E+00 0.0000
    1.2600E+00   0.00000E+00 0.0000
    1.5800E+00   0.00000E+00 0.0000
    2.0000E+00   0.00000E+00 0.0000
    2.5100E+00   0.00000E+00 0.0000
    3.1600E+00   0.00000E+00 0.0000
    3.9800E+00   0.00000E+00 0.0000
    5.0100E+00   0.00000E+00 0.0000
    6.3100E+00   0.00000E+00 0.0000
    7.9400E+00   0.00000E+00 0.0000
    1.0000E+01   0.00000E+00 0.0000
    1.2600E+01   0.00000E+00 0.0000
    1.5800E+01   0.00000E+00 0.0000
      total      0.00000E+00 0.0000

 there are no nonzero tallies in the tally fluctuation chart bin for tally   4
1tally  24        nps =*********
           tally type 4    track length estimate of particle flux.      units   1/cm**2   
           tally for  photons  

           volumes 
                   cell:       4                                                                                   
                         2.70000E+01
 
 cell  4                                                                                                               
      energy
    1.0000E-09   0.00000E+00 0.0000
    1.2600E-09   0.00000E+00 0.0000
    1.5800E-09   0.00000E+00 0.0000
    2.0000E-09   0.00000E+00 0.0000
    2.5100E-09   0.00000E+00 0.0000
    3.1600E-09   0.00000E+00 0.0000
    3.9800E-09   0.00000E+00 0.0000
    5.0100E-09   0.00000E+00 0.0000
    6.3100E-09   0.00000E+00 0.0000
    7.9400E-09   0.00000E+00 0.0000
    1.0000E-08   0.00000E+00 0.0000
    1.2600E-08   0.00000E+00 0.0000
    1.5800E-08   0.00000E+00 0.0000
    2.0000E-08   0.00000E+00 0.0000
    2.5100E-08   0.00000E+00 0.0000
    3.1600E-08   0.00000E+00 0.0000
    3.9800E-08   0.00000E+00 0.0000
    5.0100E-08   0.00000E+00 0.0000
    6.3100E-08   0.00000E+00 0.0000
    7.9400E-08   0.00000E+00 0.0000
    1.0000E-07   0.00000E+00 0.0000
    1.2600E-07   0.00000E+00 0.0000
    1.5800E-07   0.00000E+00 0.0000
    2.0000E-07   0.00000E+00 0.0000
    2.5100E-07   0.00000E+00 0.0000
    3.1600E-07   0.00000E+00 0.0000
    3.9800E-07   0.00000E+00 0.0000
    5.0100E-07   0.00000E+00 0.0000
    6.3100E-07   0.00000E+00 0.0000
    7.9400E-07   0.00000E+00 0.0000
    1.0000E-06   0.00000E+00 0.0000
    1.2600E-06   0.00000E+00 0.0000
    1.5800E-06   0.00000E+00 0.0000
    2.0000E-06   0.00000E+00 0.0000
    2.5100E-06   0.00000E+00 0.0000
    3.1600E-06   0.00000E+00 0.0000
    3.9800E-06   0.00000E+00 0.0000
    5.0100E-06   0.00000E+00 0.0000
    6.3100E-06   0.00000E+00 0.0000
    7.9400E-06   0.00000E+00 0.0000
    1.0000E-05   0.00000E+00 0.0000
    1.2600E-05   0.00000E+00 0.0000
    1.5800E-05   0.00000E+00 0.0000
    2.0000E-05   0.00000E+00 0.0000
    2.5100E-05   0.00000E+00 0.0000
    3.1600E-05   0.00000E+00 0.0000
    3.9800E-05   0.00000E+00 0.0000
    5.0100E-05   0.00000E+00 0.0000
    6.3100E-05   0.00000E+00 0.0000
    7.9400E-05   0.00000E+00 0.0000
    1.0000E-04   0.00000E+00 0.0000
    1.2600E-04   0.00000E+00 0.0000
    1.5800E-04   0.00000E+00 0.0000
    2.0000E-04   0.00000E+00 0.0000
    2.5100E-04   0.00000E+00 0.0000
    3.1600E-04   0.00000E+00 0.0000
    3.9800E-04   0.00000E+00 0.0000
    5.0100E-04   0.00000E+00 0.0000
    6.3100E-04   0.00000E+00 0.0000
    7.9400E-04   0.00000E+00 0.0000
    1.0000E-03   0.00000E+00 0.0000
    1.2600E-03   0.00000E+00 0.0000
    1.5800E-03   0.00000E+00 0.0000
    2.0000E-03   0.00000E+00 0.0000
    2.5100E-03   0.00000E+00 0.0000
    3.1600E-03   0.00000E+00 0.0000
    3.9800E-03   0.00000E+00 0.0000
    5.0100E-03   0.00000E+00 0.0000
    6.3100E-03   0.00000E+00 0.0000
    7.9400E-03   0.00000E+00 0.0000
    1.0000E-02   0.00000E+00 0.0000
    1.2600E-02   0.00000E+00 0.0000
    1.5800E-02   0.00000E+00 0.0000
    2.0000E-02   0.00000E+00 0.0000
    2.5100E-02   0.00000E+00 0.0000
    3.1600E-02   0.00000E+00 0.0000
    3.9800E-02   0.00000E+00 0.0000
    5.0100E-02   0.00000E+00 0.0000
    6.3100E-02   0.00000E+00 0.0000
    7.9400E-02   0.00000E+00 0.0000
    1.0000E-01   0.00000E+00 0.0000
    1.2600E-01   0.00000E+00 0.0000
    1.5800E-01   0.00000E+00 0.0000
    2.0000E-01   0.00000E+00 0.0000
    2.5100E-01   0.00000E+00 0.0000
    3.1600E-01   0.00000E+00 0.0000
    3.9800E-01   0.00000E+00 0.0000
    5.0100E-01   0.00000E+00 0.0000
    6.3100E-01   0.00000E+00 0.0000
    7.9400E-01   0.00000E+00 0.0000
    1.0000E+00   0.00000E+00 0.0000
    1.2600E+00   0.00000E+00 0.0000
    1.5800E+00   0.00000E+00 0.0000
    2.0000E+00   0.00000E+00 0.0000
    2.5100E+00   0.00000E+00 0.0000
    3.1600E+00   0.00000E+00 0.0000
    3.9800E+00   0.00000E+00 0.0000
    5.0100E+00   0.00000E+00 0.0000
    6.3100E+00   0.00000E+00 0.0000
    7.9400E+00   0.00000E+00 0.0000
    1.0000E+01   0.00000E+00 0.0000
    1.2600E+01   0.00000E+00 0.0000
    1.5800E+01   0.00000E+00 0.0000
      total      0.00000E+00 0.0000

 there are no nonzero tallies in the tally fluctuation chart bin for tally  24
1tally  44        nps =*********
           tally type 4    track length estimate of particle flux.      units   1/cm**2   
           tally for  photons  

           volumes 
                   cell:       5                                                                                   
                         2.70000E+01
 
 cell  5                                                                                                               
      energy
    1.0000E-09   0.00000E+00 0.0000
    1.2600E-09   0.00000E+00 0.0000
    1.5800E-09   0.00000E+00 0.0000
    2.0000E-09   0.00000E+00 0.0000
    2.5100E-09   0.00000E+00 0.0000
    3.1600E-09   0.00000E+00 0.0000
    3.9800E-09   0.00000E+00 0.0000
    5.0100E-09   0.00000E+00 0.0000
    6.3100E-09   0.00000E+00 0.0000
    7.9400E-09   0.00000E+00 0.0000
    1.0000E-08   0.00000E+00 0.0000
    1.2600E-08   0.00000E+00 0.0000
    1.5800E-08   0.00000E+00 0.0000
    2.0000E-08   0.00000E+00 0.0000
    2.5100E-08   0.00000E+00 0.0000
    3.1600E-08   0.00000E+00 0.0000
    3.9800E-08   0.00000E+00 0.0000
    5.0100E-08   0.00000E+00 0.0000
    6.3100E-08   0.00000E+00 0.0000
    7.9400E-08   0.00000E+00 0.0000
    1.0000E-07   0.00000E+00 0.0000
    1.2600E-07   0.00000E+00 0.0000
    1.5800E-07   0.00000E+00 0.0000
    2.0000E-07   0.00000E+00 0.0000
    2.5100E-07   0.00000E+00 0.0000
    3.1600E-07   0.00000E+00 0.0000
    3.9800E-07   0.00000E+00 0.0000
    5.0100E-07   0.00000E+00 0.0000
    6.3100E-07   0.00000E+00 0.0000
    7.9400E-07   0.00000E+00 0.0000
    1.0000E-06   0.00000E+00 0.0000
    1.2600E-06   0.00000E+00 0.0000
    1.5800E-06   0.00000E+00 0.0000
    2.0000E-06   0.00000E+00 0.0000
    2.5100E-06   0.00000E+00 0.0000
    3.1600E-06   0.00000E+00 0.0000
    3.9800E-06   0.00000E+00 0.0000
    5.0100E-06   0.00000E+00 0.0000
    6.3100E-06   0.00000E+00 0.0000
    7.9400E-06   0.00000E+00 0.0000
    1.0000E-05   0.00000E+00 0.0000
    1.2600E-05   0.00000E+00 0.0000
    1.5800E-05   0.00000E+00 0.0000
    2.0000E-05   0.00000E+00 0.0000
    2.5100E-05   0.00000E+00 0.0000
    3.1600E-05   0.00000E+00 0.0000
    3.9800E-05   0.00000E+00 0.0000
    5.0100E-05   0.00000E+00 0.0000
    6.3100E-05   0.00000E+00 0.0000
    7.9400E-05   0.00000E+00 0.0000
    1.0000E-04   0.00000E+00 0.0000
    1.2600E-04   0.00000E+00 0.0000
    1.5800E-04   0.00000E+00 0.0000
    2.0000E-04   0.00000E+00 0.0000
    2.5100E-04   0.00000E+00 0.0000
    3.1600E-04   0.00000E+00 0.0000
    3.9800E-04   0.00000E+00 0.0000
    5.0100E-04   0.00000E+00 0.0000
    6.3100E-04   0.00000E+00 0.0000
    7.9400E-04   0.00000E+00 0.0000
    1.0000E-03   0.00000E+00 0.0000
    1.2600E-03   0.00000E+00 0.0000
    1.5800E-03   0.00000E+00 0.0000
    2.0000E-03   0.00000E+00 0.0000
    2.5100E-03   0.00000E+00 0.0000
    3.1600E-03   0.00000E+00 0.0000
    3.9800E-03   0.00000E+00 0.0000
    5.0100E-03   0.00000E+00 0.0000
    6.3100E-03   0.00000E+00 0.0000
    7.9400E-03   0.00000E+00 0.0000
    1.0000E-02   0.00000E+00 0.0000
    1.2600E-02   0.00000E+00 0.0000
    1.5800E-02   0.00000E+00 0.0000
    2.0000E-02   0.00000E+00 0.0000
    2.5100E-02   0.00000E+00 0.0000
    3.1600E-02   0.00000E+00 0.0000
    3.9800E-02   0.00000E+00 0.0000
    5.0100E-02   0.00000E+00 0.0000
    6.3100E-02   0.00000E+00 0.0000
    7.9400E-02   0.00000E+00 0.0000
    1.0000E-01   0.00000E+00 0.0000
    1.2600E-01   0.00000E+00 0.0000
    1.5800E-01   0.00000E+00 0.0000
    2.0000E-01   0.00000E+00 0.0000
    2.5100E-01   0.00000E+00 0.0000
    3.1600E-01   0.00000E+00 0.0000
    3.9800E-01   0.00000E+00 0.0000
    5.0100E-01   0.00000E+00 0.0000
    6.3100E-01   0.00000E+00 0.0000
    7.9400E-01   0.00000E+00 0.0000
    1.0000E+00   0.00000E+00 0.0000
    1.2600E+00   0.00000E+00 0.0000
    1.5800E+00   0.00000E+00 0.0000
    2.0000E+00   0.00000E+00 0.0000
    2.5100E+00   0.00000E+00 0.0000
    3.1600E+00   0.00000E+00 0.0000
    3.9800E+00   0.00000E+00 0.0000
    5.0100E+00   0.00000E+00 0.0000
    6.3100E+00   0.00000E+00 0.0000
    7.9400E+00   0.00000E+00 0.0000
    1.0000E+01   0.00000E+00 0.0000
    1.2600E+01   0.00000E+00 0.0000
    1.5800E+01   0.00000E+00 0.0000
      total      0.00000E+00 0.0000

 there are no nonzero tallies in the tally fluctuation chart bin for tally  44
1status of the statistical checks used to form confidence intervals for the mean for each tally bin


 tally   result of statistical checks for the tfc bin (the first check not passed is listed) and error magnitude check for all bins

    14   passed the 10 statistical checks for the tally fluctuation chart bin result               
         passed all bin error check:   104 tally bins had    81 bins with zeros and     0 bins with relative errors exceeding 0.10

    34   missed  2 of 10 tfc bin checks: the figure of merit does not appear to be a constant for the last half of the problem     
         passed all bin error check:   104 tally bins had    81 bins with zeros and     0 bins with relative errors exceeding 0.10

    54   missed  2 of 10 tfc bin checks: the figure of merit does not appear to be a constant for the last half of the problem     
         passed all bin error check:   104 tally bins had    81 bins with zeros and     0 bins with relative errors exceeding 0.10

     4   no nonzero tallies were made in the tally fluctuation chart bin                           
         no nonzero tallies were made in any one of the    104 tally bins

    24   no nonzero tallies were made in the tally fluctuation chart bin                           
         no nonzero tallies were made in any one of the    104 tally bins

    44   no nonzero tallies were made in the tally fluctuation chart bin                           
         no nonzero tallies were made in any one of the    104 tally bins


 the 10 statistical checks are only for the tally fluctuation chart bin and do not apply to other tally bins.

 the tally bins with zeros may or may not be correct: compare the source, cutoffs, multipliers, et cetera with the tally bins.

 warning.     5 of the   6 tally fluctuation chart bins did not pass all 10 statistical checks.
 warning.     3 of the   6 tallies were all zeros.
1tally fluctuation charts                         

                       tally   14                                tally   34                                tally   54
       nps      mean     error   vov  slope    fom      mean     error   vov  slope    fom      mean     error   vov  slope    fom
  65536000   1.3442E-02 0.0003 0.0000 10.0 0.0E+00   2.9307E-04 0.0023 0.0000 10.0 0.0E+00   1.1343E-04 0.0038 0.0000 10.0 0.0E+00
 131072000   1.3446E-02 0.0002 0.0000 10.0 0.0E+00   2.9323E-04 0.0016 0.0000 10.0 0.0E+00   1.1361E-04 0.0027 0.0000 10.0 0.0E+00
 196608000   1.3445E-02 0.0002 0.0000 10.0 0.0E+00   2.9307E-04 0.0013 0.0000 10.0 0.0E+00   1.1348E-04 0.0022 0.0000 10.0 0.0E+00
 262144000   1.3444E-02 0.0001 0.0000 10.0 0.0E+00   2.9314E-04 0.0012 0.0000 10.0 0.0E+00   1.1355E-04 0.0019 0.0000 10.0 0.0E+00
 327680000   1.3444E-02 0.0001 0.0000 10.0 0.0E+00   2.9320E-04 0.0010 0.0000 10.0 0.0E+00   1.1360E-04 0.0017 0.0000 10.0 0.0E+00
 393216000   1.3445E-02 0.0001 0.0000 10.0 0.0E+00   2.9297E-04 0.0010 0.0000 10.0 0.0E+00   1.1354E-04 0.0015 0.0000 10.0 0.0E+00
 458752000   1.3445E-02 0.0001 0.0000 10.0 0.0E+00   2.9311E-04 0.0009 0.0000 10.0 0.0E+00   1.1360E-04 0.0014 0.0000 10.0 0.0E+00
 524288000   1.3446E-02 0.0000 0.0000 10.0 1.0E+30   2.9311E-04 0.0008 0.0000 10.0 0.0E+00   1.1365E-04 0.0013 0.0000 10.0 0.0E+00
 589824000   1.3446E-02 0.0000 0.0000 10.0 1.0E+30   2.9312E-04 0.0008 0.0000 10.0 0.0E+00   1.1367E-04 0.0013 0.0000 10.0 0.0E+00
 655360000   1.3446E-02 0.0000 0.0000 10.0 1.0E+30   2.9310E-04 0.0007 0.0000 10.0 0.0E+00   1.1360E-04 0.0012 0.0000 10.0 0.0E+00
 720896000   1.3446E-02 0.0000 0.0000 10.0 1.0E+30   2.9310E-04 0.0007 0.0000 10.0 0.0E+00   1.1361E-04 0.0011 0.0000 10.0 0.0E+00
 786432000   1.3446E-02 0.0000 0.0000 10.0 1.0E+30   2.9298E-04 0.0007 0.0000 10.0 0.0E+00   1.1353E-04 0.0011 0.0000 10.0 0.0E+00
 851968000   1.3446E-02 0.0000 0.0000 10.0 1.0E+30   2.9312E-04 0.0006 0.0000 10.0 0.0E+00   1.1357E-04 0.0011 0.0000 10.0 0.0E+00
 917504000   1.3446E-02 0.0000 0.0000 10.0 1.0E+30   2.9314E-04 0.0006 0.0000 10.0 0.0E+00   1.1360E-04 0.0010 0.0000 10.0 0.0E+00
 983040000   1.3446E-02 0.0000 0.0000 10.0 1.0E+30   2.9313E-04 0.0006 0.0000 10.0 0.0E+00   1.1355E-04 0.0010 0.0000 10.0 0.0E+00
1000000000   1.3446E-02 0.0000 0.0000 10.0 1.0E+30   2.9314E-04 0.0006 0.0000 10.0 0.0E+00   1.1354E-04 0.0010 0.0000 10.0 0.0E+00
 

                       tally    4                                tally   24                                tally   44
       nps      mean     error   vov  slope    fom      mean     error   vov  slope    fom      mean     error   vov  slope    fom
  65536000   0.0000E+00 0.0000 0.0000  0.0 0.0E+00   0.0000E+00 0.0000 0.0000  0.0 0.0E+00   0.0000E+00 0.0000 0.0000  0.0 0.0E+00
 131072000   0.0000E+00 0.0000 0.0000  0.0 0.0E+00   0.0000E+00 0.0000 0.0000  0.0 0.0E+00   0.0000E+00 0.0000 0.0000  0.0 0.0E+00
 196608000   0.0000E+00 0.0000 0.0000  0.0 0.0E+00   0.0000E+00 0.0000 0.0000  0.0 0.0E+00   0.0000E+00 0.0000 0.0000  0.0 0.0E+00
 262144000   0.0000E+00 0.0000 0.0000  0.0 0.0E+00   0.0000E+00 0.0000 0.0000  0.0 0.0E+00   0.0000E+00 0.0000 0.0000  0.0 0.0E+00
 327680000   0.0000E+00 0.0000 0.0000  0.0 0.0E+00   0.0000E+00 0.0000 0.0000  0.0 0.0E+00   0.0000E+00 0.0000 0.0000  0.0 0.0E+00
 393216000   0.0000E+00 0.0000 0.0000  0.0 0.0E+00   0.0000E+00 0.0000 0.0000  0.0 0.0E+00   0.0000E+00 0.0000 0.0000  0.0 0.0E+00
 458752000   0.0000E+00 0.0000 0.0000  0.0 0.0E+00   0.0000E+00 0.0000 0.0000  0.0 0.0E+00   0.0000E+00 0.0000 0.0000  0.0 0.0E+00
 524288000   0.0000E+00 0.0000 0.0000  0.0 0.0E+00   0.0000E+00 0.0000 0.0000  0.0 0.0E+00   0.0000E+00 0.0000 0.0000  0.0 0.0E+00
 589824000   0.0000E+00 0.0000 0.0000  0.0 0.0E+00   0.0000E+00 0.0000 0.0000  0.0 0.0E+00   0.0000E+00 0.0000 0.0000  0.0 0.0E+00
 655360000   0.0000E+00 0.0000 0.0000  0.0 0.0E+00   0.0000E+00 0.0000 0.0000  0.0 0.0E+00   0.0000E+00 0.0000 0.0000  0.0 0.0E+00
 720896000   0.0000E+00 0.0000 0.0000  0.0 0.0E+00   0.0000E+00 0.0000 0.0000  0.0 0.0E+00   0.0000E+00 0.0000 0.0000  0.0 0.0E+00
 786432000   0.0000E+00 0.0000 0.0000  0.0 0.0E+00   0.0000E+00 0.0000 0.0000  0.0 0.0E+00   0.0000E+00 0.0000 0.0000  0.0 0.0E+00
 851968000   0.0000E+00 0.0000 0.0000  0.0 0.0E+00   0.0000E+00 0.0000 0.0000  0.0 0.0E+00   0.0000E+00 0.0000 0.0000  0.0 0.0E+00
 917504000   0.0000E+00 0.0000 0.0000  0.0 0.0E+00   0.0000E+00 0.0000 0.0000  0.0 0.0E+00   0.0000E+00 0.0000 0.0000  0.0 0.0E+00
 983040000   0.0000E+00 0.0000 0.0000  0.0 0.0E+00   0.0000E+00 0.0000 0.0000  0.0 0.0E+00   0.0000E+00 0.0000 0.0000  0.0 0.0E+00
1000000000   0.0000E+00 0.0000 0.0000  0.0 0.0E+00   0.0000E+00 0.0000 0.0000  0.0 0.0E+00   0.0000E+00 0.0000 0.0000  0.0 0.0E+00

 ***********************************************************************************************************************
 dump no.    2 on file runtpe       nps =1000000000     coll =              0     ctm =    0.00     nrn =     3546468436


         7 warning messages so far.


 run terminated when1000000000 particle histories were done.

 computer time =    0.00 minutes

 mcnp     version 4b    02/04/97                                                           probid =                    
